&general
 PREFIX = si222
 MODE = suggest
 NAT = 64
 NKD = 1; KD = Si 
 TOLERANCE = 1.0e-3
/

&interaction
 NORDER = 3 
 NBODY = 2 3 3
/

&cutoff
 *-* None 7.3 7.3
/

&cell
    1.88972612545783
    10.8060000000000     0.0000000000000     0.0000000000000
     0.0000000000000    10.8060000000000     0.0000000000000
     0.0000000000000     0.0000000000000    10.8060000000000
/

&position
   1     0.50000000000000     0.00000000000000     0.00000000000000
   1     0.75000000000000     0.25000000000000     0.00000000000000
   1     0.75000000000000     0.00000000000000     0.25000000000000
   1     0.00000000000000     0.00000000000000     0.00000000000000
   1     0.25000000000000     0.25000000000000     0.00000000000000
   1     0.50000000000000     0.50000000000000     0.00000000000000
   1     0.75000000000000     0.75000000000000     0.00000000000000
   1     0.25000000000000     0.00000000000000     0.25000000000000
   1     0.50000000000000     0.25000000000000     0.25000000000000
   1     0.75000000000000     0.50000000000000     0.25000000000000
   1     0.50000000000000     0.00000000000000     0.50000000000000
   1     0.75000000000000     0.25000000000000     0.50000000000000
   1     0.75000000000000     0.00000000000000     0.75000000000000
   1     0.00000000000000     0.50000000000000     0.00000000000000
   1     0.25000000000000     0.75000000000000     0.00000000000000
   1     0.00000000000000     0.25000000000000     0.25000000000000
   1     0.25000000000000     0.50000000000000     0.25000000000000
   1     0.50000000000000     0.75000000000000     0.25000000000000
   1     0.00000000000000     0.00000000000000     0.50000000000000
   1     0.25000000000000     0.25000000000000     0.50000000000000
   1     0.50000000000000     0.50000000000000     0.50000000000000
   1     0.75000000000000     0.75000000000000     0.50000000000000
   1     0.25000000000000     0.00000000000000     0.75000000000000
   1     0.50000000000000     0.25000000000000     0.75000000000000
   1     0.75000000000000     0.50000000000000     0.75000000000000
   1     0.00000000000000     0.75000000000000     0.25000000000000
   1     0.00000000000000     0.50000000000000     0.50000000000000
   1     0.25000000000000     0.75000000000000     0.50000000000000
   1     0.00000000000000     0.25000000000000     0.75000000000000
   1     0.25000000000000     0.50000000000000     0.75000000000000
   1     0.50000000000000     0.75000000000000     0.75000000000000
   1     0.00000000000000     0.75000000000000     0.75000000000000
   1     0.62500000000000     0.12500000000000     0.12500000000000
   1     0.87500000000000     0.37500000000000     0.12500000000000
   1     0.87500000000000     0.12500000000000     0.37500000000000
   1     0.12500000000000     0.12500000000000     0.12500000000000
   1     0.37500000000000     0.37500000000000     0.12500000000000
   1     0.62500000000000     0.62500000000000     0.12500000000000
   1     0.87500000000000     0.87500000000000     0.12500000000000
   1     0.37500000000000     0.12500000000000     0.37500000000000
   1     0.62500000000000     0.37500000000000     0.37500000000000
   1     0.87500000000000     0.62500000000000     0.37500000000000
   1     0.62500000000000     0.12500000000000     0.62500000000000
   1     0.87500000000000     0.37500000000000     0.62500000000000
   1     0.87500000000000     0.12500000000000     0.87500000000000
   1     0.12500000000000     0.62500000000000     0.12500000000000
   1     0.37500000000000     0.87500000000000     0.12500000000000
   1     0.12500000000000     0.37500000000000     0.37500000000000
   1     0.37500000000000     0.62500000000000     0.37500000000000
   1     0.62500000000000     0.87500000000000     0.37500000000000
   1     0.12500000000000     0.12500000000000     0.62500000000000
   1     0.37500000000000     0.37500000000000     0.62500000000000
   1     0.62500000000000     0.62500000000000     0.62500000000000
   1     0.87500000000000     0.87500000000000     0.62500000000000
   1     0.37500000000000     0.12500000000000     0.87500000000000
   1     0.62500000000000     0.37500000000000     0.87500000000000
   1     0.87500000000000     0.62500000000000     0.87500000000000
   1     0.12500000000000     0.87500000000000     0.37500000000000
   1     0.12500000000000     0.62500000000000     0.62500000000000
   1     0.37500000000000     0.87500000000000     0.62500000000000
   1     0.12500000000000     0.37500000000000     0.87500000000000
   1     0.37500000000000     0.62500000000000     0.87500000000000
   1     0.62500000000000     0.87500000000000     0.87500000000000
   1     0.12500000000000     0.87500000000000     0.87500000000000
/

