# Filename: ../data/vasprun_harmonic1.xml, Snapshot: 1, E_pot (eV): -381.43985129
      0.0188972       0.0000000       0.0000000      -5.20808798E-03 -0.00000000E+00  0.00000000E+00
      0.0000000       0.0000000       0.0000000       7.53007485E-05  7.37807784E-05  3.72147636E-05
      0.0000000       0.0000000       0.0000000       7.53007485E-05  3.72147636E-05  7.37807784E-05
      0.0000000       0.0000000       0.0000000       6.99466267E-06 -0.00000000E+00  0.00000000E+00
      0.0000000       0.0000000       0.0000000       7.46107723E-05 -7.32397655E-05  3.67947104E-05
      0.0000000       0.0000000       0.0000000       1.79370470E-05 -0.00000000E+00  0.00000000E+00
      0.0000000       0.0000000       0.0000000       7.53007485E-05 -7.37807784E-05 -3.72147636E-05
      0.0000000       0.0000000       0.0000000       7.46107723E-05  3.67947104E-05 -7.32397655E-05
      0.0000000       0.0000000       0.0000000      -1.67521082E-04 -3.72128189E-05 -3.72128189E-05
      0.0000000       0.0000000       0.0000000       1.38800337E-05  3.10683749E-06 -2.40846025E-05
      0.0000000       0.0000000       0.0000000       1.79370470E-05 -0.00000000E+00  0.00000000E+00
      0.0000000       0.0000000       0.0000000       1.38800337E-05 -2.40846025E-05  3.10683749E-06
      0.0000000       0.0000000       0.0000000       7.53007485E-05 -3.72147636E-05 -7.37807784E-05
      0.0000000       0.0000000       0.0000000      -8.70832390E-07 -0.00000000E+00  0.00000000E+00
      0.0000000       0.0000000       0.0000000       7.46107723E-05  7.32397655E-05 -3.67947104E-05
      0.0000000       0.0000000       0.0000000      -1.24304615E-06 -3.12784014E-06 -3.12784014E-06
      0.0000000       0.0000000       0.0000000       1.38174147E-05  3.09361359E-06  2.41701689E-05
      0.0000000       0.0000000       0.0000000      -1.67096750E-04 -3.67511494E-05  3.67511494E-05
      0.0000000       0.0000000       0.0000000      -8.70832390E-07 -0.00000000E+00  0.00000000E+00
      0.0000000       0.0000000       0.0000000       1.38174147E-05  2.41701689E-05  3.09361359E-06
      0.0000000       0.0000000       0.0000000      -1.54646064E-04 -0.00000000E+00  0.00000000E+00
      0.0000000       0.0000000       0.0000000       1.38800337E-05  2.40846025E-05 -3.10683749E-06
      0.0000000       0.0000000       0.0000000       7.46107723E-05 -3.67947104E-05  7.32397655E-05
      0.0000000       0.0000000       0.0000000      -1.67096750E-04  3.67511494E-05 -3.67511494E-05
      0.0000000       0.0000000       0.0000000       1.38800337E-05 -3.10683749E-06  2.40846025E-05
      0.0000000       0.0000000       0.0000000      -1.13531029E-06 -3.16984546E-06  3.16984546E-06
      0.0000000       0.0000000       0.0000000       8.29332696E-06 -0.00000000E+00  0.00000000E+00
      0.0000000       0.0000000       0.0000000       1.38174147E-05 -2.41701689E-05 -3.09361359E-06
      0.0000000       0.0000000       0.0000000      -1.13531029E-06  3.16984546E-06 -3.16984546E-06
      0.0000000       0.0000000       0.0000000       1.38174147E-05 -3.09361359E-06 -2.41701689E-05
      0.0000000       0.0000000       0.0000000      -1.67521082E-04  3.72128189E-05  3.72128189E-05
      0.0000000       0.0000000       0.0000000      -1.24304615E-06  3.12784014E-06  3.12784014E-06
      0.0000000       0.0000000       0.0000000       1.27710079E-03  9.05431545E-04  9.05431545E-04
      0.0000000       0.0000000       0.0000000       8.91951729E-06  9.01675181E-06 -9.59899214E-06
      0.0000000       0.0000000       0.0000000       8.91951729E-06 -9.59899214E-06  9.01675181E-06
      0.0000000       0.0000000       0.0000000      -3.89910438E-06  1.30819328E-05  1.30819328E-05
      0.0000000       0.0000000       0.0000000      -1.99883065E-05  1.29391925E-05 -1.54906264E-05
      0.0000000       0.0000000       0.0000000      -2.01555499E-05  1.31169372E-05  1.53860020E-05
      0.0000000       0.0000000       0.0000000      -3.78592340E-06  1.30764876E-05 -1.30764876E-05
      0.0000000       0.0000000       0.0000000      -1.99883065E-05 -1.54906264E-05  1.29391925E-05
      0.0000000       0.0000000       0.0000000       8.15074225E-05 -9.55659789E-06 -9.55659789E-06
      0.0000000       0.0000000       0.0000000      -6.74690910E-06 -9.75067799E-06  9.75067799E-06
      0.0000000       0.0000000       0.0000000      -2.01555499E-05  1.53860020E-05  1.31169372E-05
      0.0000000       0.0000000       0.0000000      -6.74690910E-06  9.75067799E-06 -9.75067799E-06
      0.0000000       0.0000000       0.0000000      -3.78592340E-06 -1.30764876E-05  1.30764876E-05
      0.0000000       0.0000000       0.0000000       8.69354426E-06  8.82889471E-06  9.41113504E-06
      0.0000000       0.0000000       0.0000000       1.26491108E-03  8.81430565E-04 -8.81430565E-04
      0.0000000       0.0000000       0.0000000      -6.80447194E-06 -9.77868154E-06 -9.77868154E-06
      0.0000000       0.0000000       0.0000000       8.12145522E-05 -9.55426426E-06  9.55426426E-06
      0.0000000       0.0000000       0.0000000      -2.01555499E-05 -1.53860020E-05 -1.31169372E-05
      0.0000000       0.0000000       0.0000000       8.69354426E-06  9.41113504E-06  8.82889471E-06
      0.0000000       0.0000000       0.0000000       8.12145522E-05  9.55426426E-06 -9.55426426E-06
      0.0000000       0.0000000       0.0000000       8.15074225E-05  9.55659789E-06  9.55659789E-06
      0.0000000       0.0000000       0.0000000       8.91951729E-06  9.59899214E-06 -9.01675181E-06
      0.0000000       0.0000000       0.0000000       1.26491108E-03 -8.81430565E-04  8.81430565E-04
      0.0000000       0.0000000       0.0000000      -2.01555499E-05 -1.31169372E-05 -1.53860020E-05
      0.0000000       0.0000000       0.0000000       8.91951729E-06 -9.01675181E-06  9.59899214E-06
      0.0000000       0.0000000       0.0000000       8.69354426E-06 -9.41113504E-06 -8.82889471E-06
      0.0000000       0.0000000       0.0000000      -6.80447194E-06  9.77868154E-06  9.77868154E-06
      0.0000000       0.0000000       0.0000000      -1.99883065E-05  1.54906264E-05 -1.29391925E-05
      0.0000000       0.0000000       0.0000000       8.69354426E-06 -8.82889471E-06 -9.41113504E-06
      0.0000000       0.0000000       0.0000000      -1.99883065E-05 -1.29391925E-05  1.54906264E-05
      0.0000000       0.0000000       0.0000000       1.27710079E-03 -9.05431545E-04 -9.05431545E-04
      0.0000000       0.0000000       0.0000000      -3.89910438E-06 -1.30819328E-05 -1.30819328E-05
