# Result analyzer ver. 1.0.5
# Input file : graphene.result
# Phonon lifetime at temperature 300 K.
# kpoint range 1 44
# mode   range 1 6
#  ik,  is, Frequency [cm^{-1}], Lifetime [ps], |Velocity| [m/s], MFP [nm], Multiplicity, Thermal conductivity par mode (xx, xy, ...) [W/mK]
    1    1    1.09737e-10              0              0              0    1              0              0              0              0              0              0              0              0              0
    1    2    1.09737e-10              0              0              0    1              0              0              0              0              0              0              0              0              0
    1    3    1.09737e-10              0              0              0    1              0              0              0              0              0              0              0              0              0
    1    4        895.825        6.02144              0              0    1              0              0              0              0              0              0              0              0              0
    1    5        1603.73        2.26077              0              0    1              0              0              0              0              0              0              0              0              0
    1    6        1603.73        2.26077              0              0    1              0              0              0              0              0              0              0              0              0
    2    1        9.27604        573.242        1667.47        955.863    6       0.353725    6.32572e-07              0    6.32572e-07       0.353724              0              0              0              0
    2    2        108.135        6.19663        13546.6        83.9432    6       0.246823   -1.32613e-07              0   -1.32613e-07       0.246823              0              0              0              0
    2    3        173.235        3.03944        21809.8        66.2896    6       0.303066   -1.84854e-07              0   -1.84854e-07       0.303067              0              0              0              0
    2    4        893.679        11.0164        545.045        6.00445    6    0.000188771   -2.42186e-13              0   -2.42186e-13    0.000188771              0              0              0              0
    2    5        1598.48        2.75301        1319.93        3.63378    6     2.9334e-05   -3.12673e-13              0   -3.12673e-13    2.93342e-05              0              0              0              0
    2    6        1608.63        3.13126        1177.82        3.68806    6    2.56263e-05   -5.37074e-13              0   -5.37074e-13     2.5626e-05              0              0              0              0
    3    1        27.9232        55.2189        3113.62        171.931    6       0.118646   -2.66896e-09              0   -2.66896e-09       0.118646              0              0              0              0
    3    2          211.9        6.69091        12739.8        85.2409    6       0.221326   -2.42035e-08              0   -2.42035e-08       0.221326              0              0              0              0
    3    3        342.028        3.26219        21007.7        68.5311    6       0.256603    -4.4742e-08              0    -4.4742e-08       0.256604              0              0              0              0
    3    4        887.228        12.6713        1097.49        13.9066    6    0.000895727   -3.63891e-12              0   -3.63891e-12    0.000895728              0              0              0              0
    3    5        1583.36        3.31385        2484.74        8.23406    6    0.000132017   -4.50408e-13              0   -4.50408e-13    0.000132016              0              0              0              0
    3    6        1620.32        2.97441        1626.71         4.8385    6    4.45391e-05   -2.21206e-12              0   -2.21206e-12    4.45392e-05              0              0              0              0
    4    1        58.6481        29.0221        4702.62         136.48    6       0.141523   -1.77268e-09              0   -1.77268e-09       0.141523              0              0              0              0
    4    2        307.676         7.2636        11540.8        83.8278    6       0.179673   -6.50466e-09              0   -6.50466e-09       0.179674              0              0              0              0
    4    3        503.226        3.11657        19921.4        62.0864    6       0.172652   -1.54448e-08              0   -1.54448e-08       0.172653              0              0              0              0
    4    4        876.271        11.9638        1700.91        20.3494    6     0.00209166   -1.24251e-11              0   -1.24251e-11     0.00209166              0              0              0              0
    4    5        1560.19        3.34632        3336.47        11.1649    6    0.000260845    1.95379e-12              0    1.95379e-12    0.000260844              0              0              0              0
    4    6         1631.4        2.86528        1009.76        2.89324    6    1.58909e-05   -2.58274e-12              0   -2.58274e-12    1.58909e-05              0              0              0              0
    5    1         101.96        16.2656        6291.38        102.333    6        0.14009   -1.43431e-09              0   -1.43431e-09        0.14009              0              0              0              0
    5    2        392.915        7.48954        10081.1        75.5028    6        0.12672   -1.91465e-09              0   -1.91465e-09       0.126719              0              0              0              0
    5    3        655.507        2.70368        18771.5        50.7521    6      0.0984239   -5.37675e-09              0   -5.37675e-09      0.0984236              0              0              0              0
    5    4        860.108        11.1201        2434.23        27.0688    6     0.00415571   -2.07056e-11              0   -2.07056e-11     0.00415572              0              0              0              0
    5    5        1532.03        3.40798        3730.47        12.7134    6    0.000366577    7.50092e-12              0    7.50092e-12    0.000366577              0              0              0              0
    5    6        1633.81        3.22646        514.864        1.66119    6    4.61226e-06   -8.31023e-13              0   -8.31023e-13    4.61226e-06              0              0              0              0
    6    1        157.345        14.7937        7745.13        114.579    6        0.18789   -1.66739e-09              0   -1.66739e-09        0.18789              0              0              0              0
    6    2        465.909        7.84887        8436.63        66.2181    6      0.0831194   -6.28042e-10              0   -6.28042e-10      0.0831195              0              0              0              0
    6    3        798.851        2.79508          17652        49.3388    6      0.0642836   -2.18894e-09              0   -2.18894e-09      0.0642835              0              0              0              0
    6    4        837.418        10.1105        3366.58        34.0379    6     0.00766738   -1.07851e-11              0   -1.07851e-11      0.0076674              0              0              0              0
    6    5        1502.89        3.89448        3580.66        13.9448    6    0.000427184    1.41198e-11              0    1.41198e-11    0.000427185              0              0              0              0
    6    6        1622.13        3.32149        2483.32        8.24832    6    0.000115164     1.2634e-11              0     1.2634e-11    0.000115164              0              0              0              0
    7    1        223.125         14.036        8904.27         124.98    6       0.224733   -1.59865e-09              0   -1.59865e-09       0.224733              0              0              0              0
    7    2         525.34        8.38803        6641.81        55.7117    6      0.0496406    -2.6918e-10              0    -2.6918e-10      0.0496406              0              0              0              0
    7    3        806.585        9.22202        4493.38         41.438    6      0.0134788    4.80263e-11              0    4.80263e-11      0.0134787              0              0              0              0
    7    4        933.328        2.45051        16497.7        40.4278    6       0.034527   -7.15885e-10              0   -7.15885e-10      0.0345271              0              0              0              0
    7    5           1477        4.62439        2927.04        13.5358    6    0.000370739    1.51813e-11              0    1.51813e-11    0.000370739              0              0              0              0
    7    6        1594.82        3.28273        4420.53        14.5114    6    0.000397454    2.14325e-11              0    2.14325e-11    0.000397454              0              0              0              0
    8    1        296.264        13.6941        9577.91        131.161    6        0.23631   -6.00943e-10              0   -6.00943e-10        0.23631              0              0              0              0
    8    2        570.271        9.24862        4772.81        44.1419    6      0.0259602   -2.29397e-10              0   -2.29397e-10      0.0259602              0              0              0              0
    8    3        766.507        10.1922        5677.79         57.869    6      0.0262692    2.93097e-10              0    2.93097e-10      0.0262692              0              0              0              0
    8    4        1058.13        1.96156        15172.7        29.7621    6       0.016344   -2.19629e-10              0   -2.19629e-10       0.016344              0              0              0              0
    8    5        1457.59        5.26229        1981.12        10.4252    6    0.000206615    7.68938e-12              0    7.68938e-12    0.000206615              0              0              0              0
    8    6        1553.32        1.50907         6066.9        9.15536    6     0.00039845    9.45139e-12              0    9.45139e-12     0.00039845              0              0              0              0
    9    1        371.842        12.7847        9443.69        120.735    6       0.195463    3.10095e-09              0    3.10095e-09       0.195463              0              0              0              0
    9    2         600.69        14.6405        2983.14        43.6748    6      0.0151085   -2.76194e-10              0   -2.76194e-10      0.0151086              0              0              0              0
    9    3        717.979        10.0244        6543.59        65.5958    6      0.0385224    1.34103e-09              0    1.34103e-09      0.0385224              0              0              0              0
    9    4        1171.56        1.81572        13606.7         24.706    6     0.00861184   -9.64376e-11              0   -9.64376e-11     0.00861176              0              0              0              0
    9    5        1445.73        5.00256        1063.66        5.32102    6    5.89686e-05    8.37384e-13              0    8.37384e-13    5.89682e-05              0              0              0              0
    9    6        1500.03        1.99454        7440.87        14.8411    6    0.000954206    3.12081e-12              0    3.12081e-12    0.000954206              0              0              0              0
   10    1        440.276        11.5982        7430.61         86.182    6      0.0993037    1.30101e-08              0    1.30101e-08      0.0993037              0              0              0              0
   10    2        617.799        23.0131        1401.87        32.2613    6     0.00506308   -1.49013e-10              0   -1.49013e-10     0.00506304              0              0              0              0
   10    3        667.213        8.59981        5887.84        50.6343    6      0.0300198    5.20005e-09              0    5.20005e-09      0.0300197              0              0              0              0
   10    4        1271.79        2.00717        11816.2        23.7171    6     0.00521692   -1.77875e-11              0   -1.77875e-11     0.00521686              0              0              0              0
   10    5        1436.49        1.94463        8681.36         16.882    6     0.00157596   -1.63259e-11              0   -1.63259e-11     0.00157596              0              0              0              0
   10    6        1440.13        4.75419        410.349        1.95088    6    8.50194e-06   -4.70319e-12              0   -4.70319e-12    8.50196e-06              0              0              0              0
   11    1        474.117        11.9359              0              0    3              0              0              0              0              0              0              0              0              0
   11    2        623.247         22.161    3.93362e-08    8.71729e-10    3     3.1379e-24   -9.31717e-25              0   -9.31717e-25    1.34481e-24              0              0              0              0
   11    3        639.505        8.46745              0              0    3              0              0              0              0              0              0              0              0              0
   11    4        1347.14         6.8859              0              0    3    1.62558e-27   -2.81559e-27              0   -2.81559e-27    4.87675e-27              0              0              0              0
   11    5        1373.52        1.09803    6.98105e-09    7.66539e-12    3    2.84828e-27   -1.64446e-27              0   -1.64446e-27    5.69657e-27              0              0              0              0
   11    6        1438.61        7.45818    1.20915e-08    9.01806e-11    3    5.17372e-27   -4.48056e-27              0   -4.48056e-27    1.55211e-26              0              0              0              0
   12    1        21.7259        58.9045        2683.12        158.048    6      0.0940409   -8.36337e-12              0   -8.36337e-12      0.0940409              0              0              0              0
   12    2        187.809        6.42961        13659.3        87.8239    6       0.248975   -1.05149e-12              0   -1.05149e-12       0.248976              0              0              0              0
   12    3        295.525        3.22663        20846.5         67.264    6       0.263984    1.40351e-13              0    1.40351e-13       0.263983              0              0              0              0
   12    4        889.384         12.253        946.935        11.6028    6    0.000641102              0              0              0    0.000641102              0              0              0              0
   12    5        1588.34        3.21853        2186.72        7.03805    6    9.75718e-05   -1.79844e-16              0   -1.79844e-16    9.75717e-05              0              0              0              0
   12    6        1616.84        3.45524        1587.46        5.48505    6    4.98876e-05   -8.23308e-16              0   -8.23308e-16    4.98875e-05              0              0              0              0
   13    1        46.0548        30.4718        4079.27        124.302   12       0.112092    1.05686e-18              0   -2.11372e-18       0.112093              0              0              0              0
   13    2        282.186         6.8186        13076.4         89.163   12       0.222664    5.13609e-08              0    5.13609e-08       0.222666              0              0              0              0
   13    3        442.529        3.16111        19721.4        62.3414   12       0.189973   -3.07802e-08              0   -3.07802e-08       0.189974              0              0              0              0
   13    4        880.701        12.0352        1475.89        17.7626   12     0.00156564              0              0    1.65134e-20     0.00156564              0              0              0              0
   13    5        1569.23        3.37311        3077.13        10.3795   12    0.000216636              0              0    2.06418e-21    0.000216636              0              0              0              0
   13    6        1627.83        3.25646        1300.48        4.23494   12    3.03412e-05    5.69105e-12              0    5.69105e-12    3.03412e-05              0              0              0              0
   14    1        82.7738        19.1795        5587.79        107.171   12        0.13119    4.22744e-18              0              0        0.13119              0              0              0              0
   14    2        371.394        7.16953        11989.3        85.9579   12        0.17678   -1.58529e-18              0   -1.05686e-18        0.17678              0              0              0              0
   14    3        589.982        2.85183        18688.1        53.2953   12       0.118026   -2.07969e-08              0   -2.07969e-08       0.118026              0              0              0              0
   14    4        867.189        11.5019        2121.63        24.4028   12     0.00320495    9.90806e-20              0    9.90806e-20     0.00320496              0              0              0              0
   14    5        1543.45        3.43508        3673.34        12.6182   12    0.000344218   -4.12836e-21              0              0     0.00034422              0              0              0              0
   14    6        1633.76        3.19084        160.146       0.510999   12    4.41383e-07    4.38504e-13              0    4.38504e-13    4.41383e-07              0              0              0              0
   15    1        131.792        13.7011        7055.11        96.6631   12       0.146432    2.11372e-18              0    4.22744e-18       0.146432              0              0              0              0
   15    2        450.212        7.46953        10671.4        79.7104   12       0.129838   -7.84388e-19              0   -7.88516e-19       0.129838              0              0              0              0
   15    3        732.358        2.71005        17730.3        48.0499   12      0.0739259    -1.3862e-08              0    -1.3862e-08      0.0739257              0              0              0              0
   15    4         847.82         10.018        2945.91        29.5121   12     0.00566234    3.30269e-19              0    6.60537e-20     0.00566236              0              0              0              0
   15    5        1514.44        3.57044        3810.33        13.6046   12    0.000426037   -2.47701e-20              0              0    0.000426036              0              0              0              0
   15    6        1627.94        3.19583        1763.78        5.63673   12    5.47499e-05              0              0              0    5.47497e-05              0              0              0              0
   16    1        192.021        15.2463        8326.16        126.943   12       0.218704   -8.70716e-09              0   -8.70716e-09       0.218704              0              0              0              0
   16    2         516.38        7.91459        9247.83        73.1928   12      0.0922947   -2.11372e-18              0    1.58529e-18      0.0922947              0              0              0              0
   16    3        821.077         10.073        3978.16         40.072   12      0.0111235    -5.2843e-19              0              0      0.0111234              0              0              0              0
   16    4        868.049         2.5608        16769.8        42.9441   12      0.0444792   -1.76796e-09              0   -1.76796e-09      0.0444793              0              0              0              0
   16    5        1486.36        4.18373        3437.42        14.3812   12    0.000447863    4.20882e-11              0    4.20882e-11    0.000447863              0              0              0              0
   16    6        1607.09        3.44898        3745.26        12.9173   12    0.000286969    2.46923e-11              0    2.46923e-11    0.000286969              0              0              0              0
   17    1        261.161        14.1661        9230.22        130.756   12       0.235453    1.26823e-17              0    1.26823e-17       0.235453              0              0              0              0
   17    2        568.541        8.49384        7836.37        66.5609   12      0.0644887    2.11372e-18              0    2.11372e-18      0.0644889              0              0              0              0
   17    3        785.532        9.50563        5148.68        48.9414   12      0.0192264    2.64215e-19              0    2.64215e-19      0.0192264              0              0              0              0
   17    4        995.832        2.27231        15661.4        35.5875   12      0.0241948    2.61578e-08              0    2.61578e-08      0.0241946              0              0              0              0
   17    5        1463.14        4.74897        2678.76        12.7213   12    0.000334466              0              0              0    0.000334466              0              0              0              0
   17    6        1571.49        2.82541        5507.61        15.5612   12    0.000576704              0              0    1.65134e-20    0.000576704              0              0              0              0
   18    1        335.425        13.2243        9541.14        126.175   12       0.216341   -8.45488e-18              0   -8.45488e-18       0.216341              0              0              0              0
   18    2        606.097        11.9054        6629.65        78.9288   12      0.0600132    1.05686e-18              0    1.05686e-18      0.0600132              0              0              0              0
   18    3        740.875        10.1162        6224.17        62.9651   12      0.0333276     5.2843e-19              0    -5.2843e-19      0.0333276              0              0              0              0
   18    4        1113.83        1.52532          14293        21.8014   12     0.00953917   -2.22167e-10              0   -2.22167e-10     0.00953912              0              0              0              0
   18    5        1447.16        4.88845        1852.67        9.05666   12    0.000173964              0              0              0    0.000173964              0              0              0              0
   18    6        1523.37        1.06603        6943.22        7.40166   12    0.000409421              0              0              0    0.000409421              0              0              0              0
   19    1         408.38        11.8843        8723.62        103.674   12       0.147234    1.12503e-08              0    1.12503e-08       0.147233              0              0              0              0
   19    2        629.643         16.258        5822.64        94.6648   12       0.060193   -2.11372e-18              0    2.11372e-18      0.0601929              0              0              0              0
   19    3        689.884        9.33668        6573.73        61.3769   12      0.0386217    3.89861e-09              0    3.89861e-09      0.0386216              0              0              0              0
   19    4        1219.86        1.88847        12668.7        23.9245   12     0.00666725   -1.32107e-19              0   -1.32107e-19     0.00666727              0              0              0              0
   19    5        1438.36        4.48837        1327.65        5.95899   12    8.45311e-05    2.11842e-12              0    2.11842e-12    8.45318e-05              0              0              0              0
   19    6        1464.79        2.58927        8170.24         21.155   12     0.00168682    6.60537e-20              0              0     0.00168682              0              0              0              0
   20    1        464.421        12.0738        4571.88        55.1999   12      0.0376408    1.23493e-08              0    1.23493e-08      0.0376408              0              0              0              0
   20    2        640.742           18.4        5455.58        100.383   12      0.0584102    2.11372e-18              0    2.11372e-18      0.0584103              0              0              0              0
   20    3        645.509        8.41759        3860.65        32.4974   12      0.0132451    4.52165e-09              0    4.52165e-09      0.0132451              0              0              0              0
   20    4        1311.57        1.54541        10513.2        16.2472   12     0.00279216    3.41428e-10              0    3.41428e-10     0.00279215              0              0              0              0
   20    5        1397.23        0.98404        8966.17        8.82307   12    0.000971954   -4.02944e-16              0    -4.0301e-16    0.000971955              0              0              0              0
   20    6        1434.87        2.57538        1173.68        3.02268   12    3.83598e-05    2.06418e-21              0              0      3.836e-05              0              0              0              0
   21    1        76.0175        20.0609        5272.18        105.765    6       0.122407    2.66113e-13              0    2.66113e-13       0.122407              0              0              0              0
   21    2        371.041        6.92073          13171        91.1528    6       0.206039    1.26104e-13              0    1.26104e-13       0.206038              0              0              0              0
   21    3        560.981        2.97871          17964        53.5096    6       0.120601     6.7639e-15              0     6.7639e-15       0.120602              0              0              0              0
   21    4        869.505        11.7334        2015.38        23.6473    6     0.00293217   -5.86398e-15              0   -5.86398e-15     0.00293219              0              0              0              0
   21    5         1547.5        3.46458        3643.06        12.6217    6    0.000336658    5.58699e-16              0    5.58699e-16    0.000336659              0              0              0              0
   21    6        1632.93          3.051          228.6       0.697458    6    8.62505e-07   -7.60353e-18              0   -7.60353e-18    8.62507e-07              0              0              0              0
   22    1        117.885        15.8788        6533.01        103.737   12       0.146484   -2.11372e-18              0   -2.11372e-18       0.146484              0              0              0              0
   22    2          457.4        6.97337        12628.3        88.0616   12       0.167784   -1.05686e-18              0   -1.05686e-18       0.167783              0              0              0              0
   22    3        685.273        2.37483          16733        39.7381   12      0.0643153   -1.21975e-08              0   -1.21975e-08      0.0643153              0              0              0              0
   22    4        852.872        10.5994        2731.65        28.9538   12     0.00508374    1.32107e-19              0   -6.60537e-20     0.00508374              0              0              0              0
   22    5        1520.55        3.54948        3967.59        14.0829   12     0.00044954              0              0    2.06418e-21    0.000449541              0              0              0              0
   22    6        1628.98        3.27078         1486.8        4.86301   12    3.96698e-05   -1.61264e-22              0   -1.61264e-22    3.96695e-05              0              0              0              0
   23    1        171.058        13.8933         7714.1        107.175   12       0.173554    4.22744e-18              0    4.22744e-18       0.173555              0              0              0              0
   23    2        532.723         7.0253        11880.8        83.4663   12       0.131239    8.19336e-08              0    8.19336e-08        0.13124              0              0              0              0
   23    3        810.618        2.81818        16012.9        45.1271   12      0.0517799              0              0              0      0.0517797              0              0              0              0
   23    4         829.52        9.38753        3652.45        34.2875   12      0.0085517   -1.32107e-19              0    6.60537e-20     0.00855167              0              0              0              0
   23    5        1491.86        3.75945        3891.59        14.6302   12    0.000506092    4.12836e-21              0    4.12836e-21    0.000506092              0              0              0              0
   23    6        1611.66        3.49754        3459.52        12.0998   12    0.000244296    4.12836e-21              0    3.09627e-21    0.000244296              0              0              0              0
   24    1        233.913        14.6251        8661.57        126.676   12        0.21953    4.22744e-18              0    4.22744e-18        0.21953              0              0              0              0
   24    2        593.952        6.82179          11103        75.7425   12       0.098863              0              0    6.34116e-18      0.0988629              0              0              0              0
   24    3        798.011        9.67848        4743.77        45.9125   12      0.0161096     5.2843e-19              0     5.2843e-19      0.0161096              0              0              0              0
   24    4        933.704        2.34342        15356.6        35.9871   12       0.028579    3.11139e-08              0    3.11139e-08      0.0285791              0              0              0              0
   24    5        1465.54        4.28767        3393.98        14.5523   12    0.000480777              0              0    4.12836e-21    0.000480775              0              0              0              0
   24    6        1580.06        3.52504        5290.97        18.6509   12    0.000644224   -3.24775e-10              0   -3.24775e-10    0.000644224              0              0              0              0
   25    1        303.625        13.3496        9202.04        122.843   12       0.210906    4.22744e-18              0              0       0.210906              0              0              0              0
   25    2        640.052        8.26937        10412.1        86.1016   12      0.0957593   -3.06378e-09              0   -3.06378e-09      0.0957591              0              0              0              0
   25    3        757.518        10.0069        5855.82        58.5984   12      0.0280392    -5.2843e-19              0              0      0.0280392              0              0              0              0
   25    4        1051.13         1.9141        14434.6        27.6293   12       0.014737   -3.39704e-10              0   -3.39704e-10       0.014737              0              0              0              0
   25    5        1445.11        3.54324         2673.8        9.47392   12    0.000264484    4.12836e-21              0    4.12836e-21    0.000264483              0              0              0              0
   25    6        1535.88        1.65691        6770.95        11.2188   12    0.000579283              0              0              0    0.000579283              0              0              0              0
   26    1        375.671        12.2934        9036.74        111.092   12       0.171207    6.29813e-09              0    6.29813e-09       0.171207              0              0              0              0
   26    2        671.187        8.76813        9929.47        87.0628   12      0.0862877   -2.11372e-18              0    2.11372e-18      0.0862877              0              0              0              0
   26    3         709.08        9.81105        6627.06        65.0184   12      0.0394761              0              0              0       0.039476              0              0              0              0
   26    4        1159.45        1.82135        13164.2        23.9766   12     0.00839668     5.2843e-19              0     5.2843e-19     0.00839665              0              0              0              0
   26    5        1432.13         2.3876        2094.23        5.00018   12    0.000114289   -8.25671e-21              0              0    0.000114289              0              0              0              0
   26    6         1481.5        2.27525        7931.33        18.0457   12     0.00131865    1.65134e-20              0   -6.60537e-20     0.00131866              0              0              0              0
   27    1        441.129         12.217        7134.62        87.1635   12      0.0963045    1.34912e-08              0    1.34912e-08      0.0963045              0              0              0              0
   27    2        658.898        9.21203        5930.87        54.6354   12      0.0332299   -1.05686e-18              0   -1.05686e-18      0.0332298              0              0              0              0
   27    3        688.677        9.77931        9685.51        94.7176   12      0.0880545    2.11372e-18              0    2.11372e-18      0.0880545              0              0              0              0
   27    4        1255.72        1.94861        11570.9        22.5471   12     0.00511577   -1.32107e-19              0   -1.32107e-19     0.00511575              0              0              0              0
   27    5        1418.45        1.03214        8808.46        9.09157   12    0.000915692   -7.86799e-16              0   -7.86766e-16    0.000915693              0              0              0              0
   27    6        1425.81        2.72226        1836.68        4.99992   12     0.00010241    1.08796e-10              0    1.08796e-10     0.00010241              0              0              0              0
   28    1        473.701        12.8361        51.8202        0.66517    6    5.06239e-06              0              0              0    5.06239e-06              0              0              0              0
   28    2        631.602        10.1053        1177.25        11.8964    6     0.00152308              0              0              0     0.00152309              0              0              0              0
   28    3        694.242        10.1753        9617.92        97.8655    6      0.0892146   -1.02811e-13              0   -1.02811e-13      0.0892146              0              0              0              0
   28    4        1324.97        3.44383        3136.42        10.8013    6    0.000529852   -3.40441e-16              0   -3.40441e-16    0.000529853              0              0              0              0
   28    5        1360.55       0.731342        1989.11        1.45472    6     4.0212e-05   -1.62963e-16              0   -1.62963e-16     4.0212e-05              0              0              0              0
   28    6        1423.97        3.07498        1800.18        5.53551    6    0.000111824    5.00737e-16              0    5.00737e-16    0.000111824              0              0              0              0
   29    1        163.555        12.1453        7433.32          90.28    6       0.141547    -7.1951e-14              0    -7.1951e-14       0.141547              0              0              0              0
   29    2        545.726        6.68247        12408.3        82.9181    6       0.132898     5.3959e-14              0     5.3959e-14       0.132898              0              0              0              0
   29    3        784.914        2.73118        14918.4        40.7447    6      0.0464493   -6.27352e-15              0   -6.27352e-15      0.0464497              0              0              0              0
   29    4         832.29        10.5849        3541.22        37.4837    6     0.00899981              0              0              0     0.00899983              0              0              0              0
   29    5        1493.73        3.59842        4064.98        14.6275    6    0.000525129    2.60351e-16              0    2.60351e-16     0.00052513              0              0              0              0
   29    6        1612.55        3.66311        3384.89        12.3992    6    0.000244165   -2.90735e-16              0   -2.90735e-16    0.000244165              0              0              0              0
   30    1        218.741        14.8384        8191.49        121.548   12         0.2018    6.34116e-18              0              0         0.2018              0              0              0              0
   30    2        623.549        5.65482        11996.4        67.8373   12       0.090017    1.05686e-18              0   -1.05686e-18      0.0900172              0              0              0              0
   30    3        804.169        9.79512        4526.41        44.3367   12      0.0146163    1.98161e-19              0    3.30269e-19      0.0146162              0              0              0              0
   30    4        888.476        2.40836        13864.5        33.3907   12      0.0270789     5.2843e-19              0     5.2843e-19      0.0270789              0              0              0              0
   30    5        1466.45        3.18787        3805.83        12.1325   12    0.000448062    6.45056e-21              0    6.45056e-21    0.000448063              0              0              0              0
   30    6        1582.77        3.96758        5246.13        20.8144   12    0.000706062   -1.23851e-20              0   -1.34172e-20    0.000706061              0              0              0              0
   31    1        281.468        13.9581        8699.45        121.428   12       0.201891              0              0              0       0.201891              0              0              0              0
   31    2        684.856         9.7857        11848.9         115.95   12        0.13301    1.76781e-07              0    1.76781e-07       0.133011              0              0              0              0
   31    3        767.546        9.66403        5582.64        53.9508   12      0.0240193    2.64215e-19              0     5.2843e-19      0.0240193              0              0              0              0
   31    4        993.916        2.18388        13359.9        29.1764   12      0.0170141   -1.27167e-09              0   -1.27167e-09      0.0170141              0              0              0              0
   31    5        1442.72        3.56545        3185.74        11.3586   12    0.000380913   -1.03209e-21              0    7.22462e-21    0.000380912              0              0              0              0
   31    6         1540.7        1.18931        6792.87        8.07886   12    0.000411497   -7.22462e-21              0   -1.54813e-20    0.000411497              0              0              0              0
   32    1        348.612        12.4335        8796.23        109.368   12       0.170043    4.22744e-18              0              0       0.170043              0              0              0              0
   32    2         722.63        9.60396        6481.82        62.2512   12      0.0358224    2.64215e-19              0   -2.64215e-19      0.0358225              0              0              0              0
   32    3        728.317        7.72646          11891        91.8755   12      0.0957064   -4.22744e-18              0   -4.22744e-18      0.0957072              0              0              0              0
   32    4        1096.83        1.83085          12782        23.4019   12     0.00964162   -2.49907e-09              0   -2.49907e-09     0.00964165              0              0              0              0
   32    5        1425.63        3.49216        2452.13        8.56323   12    0.000234308    4.12836e-21              0    4.12836e-21    0.000234309              0              0              0              0
   32    6        1488.77        1.84961        7954.97        14.7136   12     0.00105161   -1.23851e-20              0   -1.23851e-20     0.00105161              0              0              0              0
   33    1        414.843        12.2142        8024.14        98.0086   12       0.126805    1.04538e-08              0    1.04538e-08       0.126805              0              0              0              0
   33    2        672.431        9.33399        6679.07        62.3424   12      0.0414469   -4.68976e-09              0   -4.68976e-09      0.0414469              0              0              0              0
   33    3        755.158        7.65423        11985.7        91.7417   12      0.0903646    6.34116e-18              0    6.34116e-18      0.0903646              0              0              0              0
   33    4        1192.48        1.77558        11852.7        21.0455   12     0.00598425              0              0     5.2843e-19     0.00598428              0              0              0              0
   33    5        1415.63        2.42936        2106.22        5.11677   12    0.000124414   -6.49585e-11              0   -6.49585e-11    0.000124414              0              0              0              0
   33    6        1429.39        1.23962        8611.03        10.6744   12     0.00101262   -4.09702e-16              0   -4.09665e-16     0.00101262              0              0              0              0
   34    1        466.463        12.3918        4301.85        53.3079   12      0.0340884   -1.31025e-08              0   -1.31025e-08      0.0340884              0              0              0              0
   34    2        629.166        9.79216        4160.34        40.7387   12      0.0185272    1.32107e-19              0    1.32107e-19      0.0185272              0              0              0              0
   34    3        767.676        7.41139        12054.6        89.3412   12      0.0858592              0              0              0      0.0858584              0              0              0              0
   34    4        1275.79        1.62656        9895.54        16.0957   12      0.0029267   -9.96288e-16              0   -9.96222e-16      0.0029267              0              0              0              0
   34    5        1364.31        1.06882        8684.99        9.28266   12     0.00110638    -6.3561e-16              0   -6.35577e-16     0.00110637              0              0              0              0
   34    6        1412.16         1.9438        1705.44        3.31505   12    6.60404e-05    1.19755e-11              0    1.19755e-11    6.60404e-05              0              0              0              0
   35    1        273.448        14.6911         8449.7        124.135    6       0.202136              0              0              0       0.202135              0              0              0              0
   35    2        708.112        10.2403        11360.3        116.332    6       0.121349   -7.53414e-14              0   -7.53414e-14       0.121349              0              0              0              0
   35    3        770.889        9.68285        5483.15        53.0926    6      0.0230272   -4.23167e-15              0   -4.23167e-15      0.0230272              0              0              0              0
   35    4        967.455        2.14582        11767.2        25.2503    6       0.013983   -4.78969e-15              0   -4.78969e-15       0.013983              0              0              0              0
   35    5        1441.79         4.8216        3356.83        16.1853    6    0.000573748   -3.44437e-16              0   -3.44437e-16    0.000573747              0              0              0              0
   35    6        1541.71        3.72797        6822.49        25.4341    6     0.00129653    1.14894e-15              0    1.14894e-15     0.00129654              0              0              0              0
   36    1        333.135        13.2458        8457.05         112.02   12       0.170727   -3.17058e-18              0    1.05686e-18       0.170728              0              0              0              0
   36    2         729.58        9.59101        6360.82        61.0067   12       0.033894              0              0              0       0.033894              0              0              0              0
   36    3        775.707        7.27011        11174.5        81.2397   12      0.0709651    7.12316e-08              0    7.12316e-08      0.0709648              0              0              0              0
   36    4        1049.08        1.84377        10668.7        19.6707   12     0.00780181    1.55169e-09              0    1.55169e-09     0.00780183              0              0              0              0
   36    5         1421.9        4.27815        2568.15         10.987   12    0.000318872   -4.12836e-21              0   -4.12836e-21    0.000318873              0              0              0              0
   36    6        1490.66       0.910135        8043.66        7.32082   12    0.000525617   -7.48265e-21              0   -7.48265e-21    0.000525616              0              0              0              0
   37    1        394.696        12.3138        8079.38        99.4877   12        0.13348    2.11372e-18              0   -4.22744e-18        0.13348              0              0              0              0
   37    2        681.796        9.43086         6872.1        64.8098   12      0.0434163    1.05686e-18              0              0      0.0434163              0              0              0              0
   37    3        821.521          6.454        11772.5        75.9796   12      0.0623431   -1.74871e-08              0   -1.74871e-08      0.0623433              0              0              0              0
   37    4        1132.06        1.66939        10582.8        17.6669   12     0.00541306    1.68624e-09              0    1.68624e-09     0.00541306              0              0              0              0
   37    5        1409.06        3.43212        1815.62        6.23143   12    0.000133555     -1.175e-10              0     -1.175e-10    0.000133555              0              0              0              0
   37    6         1432.4        1.61212        8845.59        14.2601   12     0.00137545   -6.11181e-12              0   -6.11181e-12     0.00137545              0              0              0              0
   38    1        451.671        11.8457        6525.85        77.3036   12      0.0768216    1.05686e-18              0    1.05686e-18      0.0768214              0              0              0              0
   38    2        633.217        9.90407        6179.29        61.2001   12      0.0409867    1.79739e-08              0    1.79739e-08      0.0409867              0              0              0              0
   38    3         846.67        6.10396        12409.2        75.7455   12      0.0614017              0              0              0      0.0614019              0              0              0              0
   38    4        1211.99        1.71303          10321        17.6801   12     0.00411572   -1.32107e-19              0   -2.64215e-19      0.0041157              0              0              0              0
   38    5        1368.49        1.79614        9283.52        16.6745   12     0.00209484    1.65134e-20              0    1.65134e-20     0.00209484              0              0              0              0
   38    6        1403.62        2.98246        1308.44        3.90236   12    6.13935e-05    1.54483e-11              0    1.54483e-11    6.13939e-05              0              0              0              0
   39    1        481.307        11.7271        1344.58         15.768    6     0.00307403   -1.15184e-14              0   -1.15184e-14     0.00307404              0              0              0              0
   39    2        606.382        9.49529        2578.62        24.4848    6     0.00723685    2.82789e-15              0    2.82789e-15     0.00723685              0              0              0              0
   39    3         854.51         6.5815        12644.9        83.2224    6      0.0673515     6.4405e-14              0     6.4405e-14      0.0673516              0              0              0              0
   39    4        1268.33        2.31524        4736.08        10.9651    6    0.000977633    2.91198e-15              0    2.91198e-15    0.000977635              0              0              0              0
   39    5        1318.13        1.08625        4074.14        4.42554    6    0.000288436    4.28028e-16              0    4.28012e-16    0.000288434              0              0              0              0
   39    6        1401.96        2.93703        1140.16        3.34868    6    4.61657e-05    -8.1599e-17              0    -8.1599e-17    4.61658e-05              0              0              0              0
   40    1        387.161        13.1248        7992.54        104.901    6       0.140724   -2.66159e-14              0   -2.66159e-14       0.140724              0              0              0              0
   40    2        685.092        9.97486        6899.37        68.8202    6      0.0459444              0              0              0      0.0459444              0              0              0              0
   40    3        853.681        6.57708         9890.1         65.048    6      0.0412638   -1.26126e-14              0   -1.26126e-14      0.0412638              0              0              0              0
   40    4        1102.57        1.57912        8008.56        12.6465    6     0.00320835              0              0              0     0.00320835              0              0              0              0
   40    5        1406.95        3.61229        1659.36        5.99409    6    0.000118253              0              0              0    0.000118253              0              0              0              0
   40    6        1432.56        1.97584         8971.7        17.7266    6     0.00173323   -2.33592e-15              0   -2.33592e-15     0.00173323              0              0              0              0
   41    1        440.907        11.1922        7225.89        80.8739   12        0.09053    -5.2843e-19              0    -5.2843e-19        0.09053              0              0              0              0
   41    2        636.924        9.76051        6908.49        67.4303   12      0.0500919    9.24752e-19              0    9.24752e-19       0.050092              0              0              0              0
   41    3        907.607        6.18838        9890.16         61.204   12      0.0336243    -4.5327e-09              0    -4.5327e-09      0.0336243              0              0              0              0
   41    4           1160        1.42001        7693.54        10.9249   12     0.00223217    5.79226e-10              0    5.79226e-10     0.00223217              0              0              0              0
   41    5        1369.23        1.66038        9479.78        15.7401   12     0.00201425   -2.52862e-20              0   -2.50282e-20     0.00201425              0              0              0              0
   41    6        1399.15        2.85495        929.702        2.65425   12    3.01224e-05    7.10229e-12              0    7.10229e-12    3.01224e-05              0              0              0              0
   42    1        485.913        10.7121        4767.76        51.0725   12      0.0350295   -3.08189e-14              0   -3.08189e-14      0.0350296              0              0              0              0
   42    2        594.354         9.8013        5095.08        49.9384   12      0.0298872    2.64215e-19              0    -5.2843e-19      0.0298872              0              0              0              0
   42    3        933.423        8.69557        10789.4        93.8202   12      0.0523886    1.05686e-18              0    1.05686e-18      0.0523882              0              0              0              0
   42    4        1220.56        1.65092        7742.51        12.7823   12     0.00217218   -9.66432e-16              0   -9.66366e-16     0.00217218              0              0              0              0
   42    5        1306.21        1.09727        8510.97        9.33884   12     0.00132235   -5.47635e-16              0   -5.47664e-16     0.00132236              0              0              0              0
   42    6        1396.43         2.8389        606.489        1.72176   12    1.28644e-05              0              0   -5.16045e-22    1.28644e-05              0              0              0              0
   43    1        486.099        10.3657        6385.47        66.1897    6      0.0607825    9.59206e-15              0    9.59206e-15      0.0607825              0              0              0              0
   43    2         591.15        10.6694        6503.85        69.3925    6      0.0533564   -1.65335e-14              0   -1.65335e-14      0.0533564              0              0              0              0
   43    3        971.252        7.10184         6781.3        48.1597    6      0.0152054     9.0372e-15              0     9.0372e-15      0.0152054              0              0              0              0
   43    4        1190.59        1.29305        5285.28        6.83415    6    0.000871712   -6.64765e-16              0   -6.64765e-16    0.000871713              0              0              0              0
   43    5        1304.58        1.10354         9247.1        10.2046    6     0.00157833   -3.44008e-16              0   -3.44008e-16     0.00157834              0              0              0              0
   43    6        1394.73        2.77648        333.069        0.92476    6    3.81635e-06              0              0              0    3.81634e-06              0              0              0              0
   44    1        517.314        10.9594        4081.17        44.7271    6      0.0248481              0              0              0      0.0248481              0              0              0              0
   44    2        559.455        10.9574        4371.13        47.8962    6      0.0263445              0              0              0      0.0263445              0              0              0              0
   44    3        995.013        8.37182         5435.8        45.5075    6      0.0107636   -2.39426e-14              0   -2.39426e-14      0.0107636              0              0              0              0
   44    4        1223.91         1.6435        377.976       0.621204    6    5.09879e-06   -1.90297e-16              0   -1.90297e-16    5.09879e-06              0              0              0              0
   44    5        1257.01        1.33284         4682.1        6.24049    6    0.000570563    1.71905e-15              0    1.71905e-15    0.000570563              0              0              0              0
   44    6        1393.72         2.3667        173.898       0.411564    6    8.89809e-07    5.15586e-17              0    5.15586e-17    8.89807e-07              0              0              0              0
