&general
 PREFIX = graphene
 MODE = phonons
 NKD = 1; KD = C
 FCSXML = ../work/super551.xml
/

&cell
1.0
   4.623214964796817   0.000000000000000   0.000000000000000
  -2.311607482398408   4.003821606670424   0.000000000000000
   0.000000000000000   0.000000000000000  28.345891874903845
/
&kpoint
0
   0.000000000000000    0.000000000000000    0.000000000000000
   0.000000000000000    0.200000000000000    0.000000000000000
   0.000000000000000   -0.200000000000000    0.000000000000000
   0.000000000000000    0.400000000000000    0.000000000000000
   0.000000000000000   -0.400000000000000    0.000000000000000
   0.200000000000000    0.000000000000000    0.000000000000000
  -0.200000000000000    0.000000000000000    0.000000000000000
   0.200000000000000    0.200000000000000    0.000000000000000
   0.200000000000000   -0.200000000000000    0.000000000000000
  -0.200000000000000    0.200000000000000    0.000000000000000
  -0.200000000000000   -0.200000000000000    0.000000000000000
   0.200000000000000    0.400000000000000    0.000000000000000
   0.200000000000000   -0.400000000000000    0.000000000000000
  -0.200000000000000    0.400000000000000    0.000000000000000
  -0.200000000000000   -0.400000000000000    0.000000000000000
   0.400000000000000    0.000000000000000    0.000000000000000
  -0.400000000000000    0.000000000000000    0.000000000000000
   0.400000000000000    0.200000000000000    0.000000000000000
   0.400000000000000   -0.200000000000000    0.000000000000000
  -0.400000000000000    0.200000000000000    0.000000000000000
  -0.400000000000000   -0.200000000000000    0.000000000000000
   0.400000000000000    0.400000000000000    0.000000000000000
   0.400000000000000   -0.400000000000000    0.000000000000000
  -0.400000000000000    0.400000000000000    0.000000000000000
  -0.400000000000000   -0.400000000000000    0.000000000000000
/
&analysis
 PRINTEVEC = 1
/
