# Result analyzer ver. 1.0.5
# Input file : Si_q10.result
# Phonon lifetime at temperature 300 K.
# kpoint range 1 47
# mode   range 1 6
#  ik,  is, Frequency [cm^{-1}], Lifetime [ps], |Velocity| [m/s], MFP [nm], Multiplicity, Thermal conductivity par mode (xx, xy, ...) [W/mK]
    1    1    1.09737e-10              0              0              0    1              0              0              0              0              0              0              0              0              0
    1    2    1.09737e-10              0              0              0    1              0              0              0              0              0              0              0              0              0
    1    3    1.09737e-10              0              0              0    1              0              0              0              0              0              0              0              0              0
    1    4        512.569        1.65431              0              0    1              0              0              0              0              0              0              0              0              0
    1    5        512.569        1.65431              0              0    1              0              0              0              0              0              0              0              0              0
    1    6        512.569        1.65431              0              0    1              0              0              0              0              0              0              0              0              0
    2    1          45.18        412.002        3916.77        1613.72    8       0.734523    2.50372e-07    2.50372e-07    2.50372e-07       0.734523    2.50372e-07    2.50372e-07    2.50372e-07       0.734523
    2    2          45.18        412.002        3916.77        1613.72    8       0.735095    2.50372e-07    2.50372e-07    2.50372e-07       0.735095    2.50372e-07    2.50372e-07    2.50372e-07       0.735095
    2    3        93.2762        106.274         8603.6        914.336    8       0.902968              0              0              0       0.902968              0              0              0       0.902968
    2    4        505.052        1.70325        1342.95        2.28739    8    0.000224747              0              0              0    0.000224747    9.76845e-21              0    9.76845e-21    0.000224747
    2    5        508.583        1.53103        698.031         1.0687    8     5.4245e-05    2.05785e-12    2.05785e-12    2.05785e-12     5.4245e-05    2.05785e-12    2.05785e-12    2.05785e-12     5.4245e-05
    2    6        508.583        1.53103        698.031        1.06871    8     5.4231e-05    2.05785e-12    2.05785e-12    2.05785e-12     5.4231e-05    2.05785e-12    2.05785e-12    2.05785e-12     5.4231e-05
    3    1        80.7235        97.5407        2616.17        255.183    8      0.0769091    5.18621e-08    5.18621e-08    5.18621e-08      0.0769091    5.18621e-08    5.18621e-08    5.18621e-08      0.0769091
    3    2        80.7235        97.5407        2616.17        255.183    8      0.0769937    5.18621e-08    5.18621e-08    5.18621e-08      0.0769937    5.18621e-08    5.18621e-08    5.18621e-08      0.0769937
    3    3        182.771        21.2036        8076.85        171.258    8       0.151488              0              0              0       0.151488   -5.00144e-18              0   -5.00144e-18       0.151488
    3    4        486.065        2.25841        2091.19        4.72276    8    0.000746872              0              0              0    0.000746872              0              0              0    0.000746872
    3    5        499.513        1.66624        884.749        1.47421    8    9.63511e-05    3.26322e-12    3.26322e-12    3.26322e-12    9.63511e-05    3.26322e-12    3.26322e-12    3.26322e-12    9.63511e-05
    3    6        499.513        1.66624         884.75        1.47421    8    9.63749e-05    3.26322e-12    3.26322e-12    3.26322e-12    9.63749e-05    3.26322e-12    3.26322e-12    3.26322e-12    9.63749e-05
    4    1        100.015        60.4911        1024.05        61.9458    8     0.00727352    3.18978e-08    3.18978e-08    3.18978e-08     0.00727352    3.18978e-08    3.18978e-08    3.18978e-08     0.00727352
    4    2        100.015        60.4911        1024.05        61.9458    8     0.00725322    3.18978e-08    3.18978e-08    3.18978e-08     0.00725322    3.18978e-08    3.18978e-08    3.18978e-08     0.00725322
    4    3        264.578        4.27571        7142.49        30.5393    8      0.0223006              0              0              0      0.0223006   -6.25181e-19              0   -6.25181e-19      0.0223006
    4    4        462.152        4.14487        2350.48        9.74243    8     0.00180262              0              0              0     0.00180262              0              0              0     0.00180262
    4    5        491.856        1.75944        484.696       0.852795    8    3.09276e-05    3.16515e-11    3.16515e-11    3.16515e-11    3.09276e-05    3.16515e-11    3.16515e-11    3.16515e-11    3.09276e-05
    4    6        491.856        1.75944        484.696       0.852795    8    3.09693e-05    3.15397e-11    3.15397e-11    3.15397e-11    3.09693e-05    3.15397e-11    3.15397e-11    3.15397e-11    3.09693e-05
    5    1        105.072        40.3331        87.7625        3.53973    8     3.6099e-05     2.2393e-08     2.2393e-08     2.2393e-08     3.6099e-05     2.2393e-08     2.2393e-08     2.2393e-08     3.6099e-05
    5    2        105.072        40.3331        87.7625        3.53974    8    3.49105e-05    2.23983e-08    2.23983e-08    2.23983e-08    3.49105e-05    2.23983e-08    2.23983e-08    2.23983e-08    3.49105e-05
    5    3        333.246        1.34191        5547.83        7.44469    8     0.00391322              0              0              0     0.00391322              0              0              0     0.00391322
    5    4        435.369        9.19738        2683.73        24.6832    8     0.00544301              0              0              0     0.00544301    1.56295e-19              0    1.56295e-19     0.00544301
    5    5        489.168        1.57646        69.3289       0.109294    8    5.66749e-07    4.12094e-11    4.12094e-11    4.12094e-11    5.66749e-07    4.12094e-11    4.12094e-11    4.12094e-11    5.66749e-07
    5    6        489.168        1.57646        69.3289       0.109294    8    5.73209e-07    4.11731e-11    4.11731e-11    4.11731e-11    5.73209e-07    4.11731e-11    4.11731e-11    4.11731e-11    5.73209e-07
    6    1        105.062         34.934    6.78823e-05     2.3714e-06    4    2.05979e-17    2.00513e-17    2.00528e-17    2.00513e-17    2.06029e-17    2.00549e-17    2.00528e-17    2.00549e-17    2.06093e-17
    6    2        105.062         34.934     6.7902e-05    2.37209e-06    4    2.51105e-17    2.00659e-17    2.00736e-17    2.00659e-17    2.50959e-17    2.00692e-17    2.00736e-17    2.00692e-17     2.5099e-17
    6    3        371.964        5.70225     0.00143156    8.16312e-06    4    1.05322e-15   -2.86717e-21    2.23002e-21   -2.86717e-21    1.05323e-15    3.18576e-21    2.23002e-21    3.18576e-21    1.05322e-15
    6    4        412.515        27.4702     0.00104623    2.87402e-05    4    2.55823e-15    7.41168e-21   -1.05864e-21    7.41168e-21    2.55818e-15   -8.47016e-21   -1.05864e-21   -8.47016e-21    2.55818e-15
    6    5        489.033        1.49872    6.32668e-06    9.48192e-09    4    6.68286e-21    4.09881e-21    4.10445e-21    4.09881e-21    6.68553e-21    4.10038e-21    4.10445e-21    4.10038e-21      6.686e-21
    6    6        489.033        1.49872    6.34173e-06    9.50447e-09    4    4.17312e-21    4.11378e-21    4.11533e-21    4.11378e-21    4.18393e-21    4.11932e-21    4.11533e-21    4.11932e-21    4.18535e-21
    7    1        58.3987        136.487        4470.52        610.168    6       0.316291    1.85774e-12   -1.29532e-12    1.85774e-12       0.316291   -2.16454e-12   -1.29532e-12   -2.16454e-12       0.316291
    7    2        58.3987        136.487        4470.52        610.168    6       0.316291    1.58505e-12    2.89742e-13    1.58505e-12       0.316291   -2.30088e-12    2.89742e-13   -2.30088e-12       0.316291
    7    3        101.051        301.706        8018.45        2419.21    6        2.22023    6.47014e-12    -2.1345e-12    6.47014e-12        2.22023    6.00311e-13    -2.1345e-12    6.00311e-13        2.22023
    7    4         503.73        1.79222        1342.94        2.40684    6    0.000237034   -1.02046e-15    3.40153e-16   -1.02046e-15    0.000237034    3.40154e-16    3.40153e-16    3.40154e-16    0.000237034
    7    5         503.73        1.79222        1342.94        2.40684    6    0.000237034   -3.40153e-16    3.53008e-21   -3.40153e-16    0.000237034    3.40154e-16    3.53008e-21    3.40154e-16    0.000237034
    7    6        509.484        1.73401        510.523       0.885251    6    3.28061e-05     2.4768e-16    4.95359e-16     2.4768e-16    3.28061e-05     1.2384e-16    4.95359e-16     1.2384e-16    3.28061e-05
    8    1        86.8609        60.2334        3427.75        206.465   24      0.0814148    3.88035e-13    3.88035e-13    3.88035e-13      0.0814148    3.88035e-13    3.88035e-13    3.88034e-13      0.0814148
    8    2        91.4684        81.3595        4416.59        359.331   24       0.182282    5.23309e-13    5.23312e-13    5.23312e-13       0.182282    5.23311e-13    5.23309e-13    5.23314e-13       0.182282
    8    3        165.976        29.3683        7323.03        215.065   24       0.174408    -3.3343e-18   -5.00144e-18    -3.3343e-18       0.174408     3.3343e-18   -5.00144e-18     3.3343e-18       0.174408
    8    4        489.757        1.90681        1886.21        3.59665   24    0.000509785    -6.5123e-21   -1.95369e-20    -6.5123e-21    0.000509785    1.30246e-20   -1.95369e-20    1.30246e-20    0.000509785
    8    5        494.041        1.82123        1544.63        2.81312   24     0.00032411    1.22264e-17     1.2226e-17    1.22262e-17     0.00032411     1.2226e-17    1.22258e-17     1.2226e-17     0.00032411
    8    6         502.87        1.59976        929.295        1.48665   24    0.000101468   -1.62807e-21   -1.62807e-21   -1.62807e-21    0.000101468    4.88422e-21   -1.62807e-21    4.88422e-21    0.000101468
    9    1        105.366        45.3586        2006.32         91.004   24       0.020862    2.18968e-15    2.18969e-15    2.18963e-15       0.020862    2.18969e-15    2.18967e-15    2.18975e-15       0.020862
    9    2        120.001        49.1192        4226.03        207.579   24      0.0996046    1.39473e-15    1.39457e-15    1.39473e-15      0.0996046    1.39457e-15    1.39457e-15    1.39457e-15      0.0996046
    9    3        238.532        6.92501        6702.25        46.4132   24      0.0325928    4.16787e-19              0    4.16787e-19      0.0325928    1.66715e-18              0    1.66715e-18      0.0325928
    9    4        467.835        2.99439        2357.39        7.05894   24     0.00129772   -2.60492e-20   -1.30246e-20   -2.60492e-20     0.00129772    5.20984e-20   -1.30246e-20    5.20984e-20     0.00129772
    9    5         486.14        1.73889        1251.29        2.17586   24    0.000205868   -2.03509e-22    1.62807e-21   -2.03509e-22    0.000205868              0    1.62807e-21              0    0.000205868
    9    6        493.599        1.68492        827.798        1.39477   24    8.61866e-05    3.14446e-17    3.14446e-17    3.14446e-17    8.61866e-05    3.14454e-17    3.14446e-17    3.14454e-17    8.61866e-05
   10    1        111.328        33.0418           1406        46.4567   24     0.00744485     9.4134e-16    9.41626e-16    9.41392e-16     0.00744485    9.41522e-16    9.41522e-16    9.41522e-16     0.00744485
   10    2        131.545        25.0677        4385.88        109.944   24      0.0544488   -4.16787e-19              0   -4.16787e-19      0.0544488              0              0              0      0.0544488
   10    3        306.109        2.50011        5888.16         14.721   24     0.00847987    9.37771e-19   -1.04197e-19    9.37771e-19     0.00847987    -3.1259e-19   -1.04197e-19    -3.1259e-19     0.00847987
   10    4        440.726        7.14843        2818.51        20.1479   24     0.00462704    2.60492e-19    5.20984e-20    2.60492e-19     0.00462704    5.20984e-20   -1.04197e-19    2.08394e-19     0.00462704
   10    5        483.415        1.44077        1036.45        1.49329   24    0.000117575   -1.62807e-21   -1.62807e-21   -1.62807e-21    0.000117575   -1.62807e-21   -1.62807e-21   -1.62807e-21    0.000117575
   10    6        488.597        1.83392        404.717       0.742219   24    2.26178e-05    3.10699e-18    3.10693e-18    3.10689e-18    2.26178e-05    3.10693e-18    3.10698e-18    3.10693e-18    2.26178e-05
   11    1         113.06        28.9439         1500.2        43.4215   24     0.00741916   -1.56295e-19    -3.1259e-19   -1.56295e-19     0.00741916   -1.04197e-19    -3.1259e-19   -1.04197e-19     0.00741916
   11    2        131.279        20.6064         4457.1         91.845   24      0.0462302   -4.16787e-19   -1.66715e-18   -4.16787e-19      0.0462302              0   -1.66715e-18              0      0.0462302
   11    3        356.896        2.97912        3453.89        10.2895   24     0.00326788    1.66249e-10    1.66249e-10    1.66249e-10     0.00326788    1.66249e-10    1.66249e-10    1.66249e-10     0.00326788
   11    4        411.198        17.9794        2442.92        43.9221   24     0.00914656     4.5834e-10     4.5834e-10     4.5834e-10     0.00914656     4.5834e-10     4.5834e-10     4.5834e-10     0.00914656
   11    5        483.363        1.62938        1029.54        1.67751   24    0.000131211    8.14037e-22   -1.62807e-21    8.14037e-22    0.000131211              0   -1.62807e-21              0    0.000131211
   11    6        488.036        2.04051        228.564       0.466387   24    8.03415e-06              0   -4.07019e-22   -1.01755e-22    8.03415e-06              0   -1.01755e-22    1.01755e-22    8.03415e-06
   12    1        115.157        32.2405           1631        52.5843   24     0.00975924     9.1714e-16    9.16931e-16     9.1714e-16     0.00975924    9.17348e-16    9.16931e-16    9.17348e-16     0.00975924
   12    2        129.706        21.2621        4393.36        93.4118   24      0.0463827    6.00765e-14    6.00765e-14    6.00765e-14      0.0463827    6.00757e-14    6.00765e-14    6.00757e-14      0.0463827
   12    3        343.687        1.38481         4755.9        6.58602   24     0.00292942    5.20984e-20              0    5.20984e-20     0.00292942   -5.20984e-20              0   -5.20984e-20     0.00292942
   12    4        418.476        12.9348        3033.81        39.2415   24      0.0100387    2.08394e-19    1.82344e-19    2.08394e-19      0.0100387   -2.86541e-19    1.82344e-19   -2.86541e-19      0.0100387
   12    5        483.733        1.52434        1003.41        1.52954   24    0.000116528              0              0              0    0.000116528              0              0              0    0.000116528
   12    6        488.357        2.02993        84.4574       0.171443   24     1.0907e-06   -2.72752e-13   -2.72752e-13   -2.72752e-13     1.0907e-06   -2.72752e-13   -2.72752e-13   -2.72752e-13     1.0907e-06
   13    1        112.324        54.8335        1714.58        94.0166   24      0.0183655   -2.08394e-19   -2.08394e-19   -2.08394e-19      0.0183655    2.08394e-19   -2.08394e-19    2.08394e-19      0.0183655
   13    2        128.817        23.0526        4550.57        104.903   24      0.0539759    6.51642e-14    6.51622e-14    6.51647e-14      0.0539759    6.51647e-14    6.51647e-14    6.51647e-14      0.0539759
   13    3         283.71        2.72875        6439.86        17.5728   24      0.0113458    6.83885e-15    6.83927e-15    6.83948e-15      0.0113458    6.83989e-15    6.83906e-15    6.83948e-15      0.0113458
   13    4          447.5        4.71899        2907.37        13.7199   24     0.00321541   -5.20984e-20   -1.17221e-19   -5.20984e-20     0.00321541    1.56295e-19   -1.17221e-19    1.56295e-19     0.00321541
   13    5        486.956        1.87352         958.42        1.79562   24    0.000129946    1.06103e-16    1.06104e-16    1.06103e-16    0.000129946    1.06102e-16    1.06101e-16    1.06102e-16    0.000129946
   13    6        488.481        2.28374        142.959       0.326482   24    3.51501e-06    2.52825e-16    2.52824e-16    2.52825e-16    3.51501e-06    2.52825e-16    2.52824e-16    2.52825e-16    3.51501e-06
   14    1        96.5571        111.317        2597.68        289.166   24      0.0861199    -3.3343e-18    1.66715e-18    -3.3343e-18      0.0861199    2.08394e-18    1.56295e-18    2.18813e-18      0.0861199
   14    2        118.378        38.0732        4853.36        184.783   24       0.101903              0    -3.3343e-18              0       0.101903              0    -3.3343e-18              0       0.101903
   14    3        211.882        12.9604         6888.3        89.2751   24      0.0659029   -8.33574e-19              0   -8.33574e-19      0.0659029              0    8.33574e-19   -8.33574e-19      0.0659029
   14    4        474.093        2.41755        2536.78        6.13278   24     0.00120064   -2.60492e-20   -3.25615e-20   -2.60492e-20     0.00120064    1.95369e-20   -3.25615e-20    1.95369e-20     0.00120064
   14    5        491.173        2.03805        673.842        1.37332   24    6.93695e-05    3.81914e-17    3.81983e-17    3.81914e-17    6.93695e-05    3.81987e-17    3.81983e-17    3.81987e-17    6.93695e-05
   14    6        495.407        1.72641        1089.92        1.88165   24     0.00015261   -3.25615e-21   -8.54739e-21   -3.25615e-21     0.00015261    5.29124e-21   -8.54739e-21    5.29124e-21     0.00015261
   15    1         68.315         310.62        3514.19        1091.58   12       0.443728   -3.97888e-13   -9.57108e-13   -3.97888e-13       0.443728    3.03268e-12   -9.57108e-13    3.03268e-12       0.443728
   15    2        86.5521        62.6044        4999.19        312.971   12       0.180009   -1.96263e-13    -1.9934e-13   -1.96263e-13       0.180009   -3.22018e-13    -1.9934e-13   -3.22018e-13       0.180009
   15    3        142.085        33.8196         7163.8        242.277   12       0.194909    1.11232e-13   -2.78068e-14    1.11232e-13       0.194909    2.13185e-13   -2.78068e-14    2.13185e-13       0.194909
   15    4        495.745        1.84749        1879.62        3.47257   12    0.000485414   -5.27887e-16    1.23173e-15   -5.27887e-16    0.000485414   -1.75962e-15    1.23173e-15   -1.75962e-15    0.000485414
   15    5        498.567         1.8499        1128.59        2.08777   12    0.000174369   -4.21085e-16   -1.59578e-21   -4.21085e-16    0.000174369   -4.21083e-16   -1.59578e-21   -4.21083e-16    0.000174369
   15    6        504.968        1.66695        865.156        1.44217   12    9.12997e-05   -4.31414e-16   -2.87615e-16   -4.31414e-16    9.12997e-05   -2.87612e-16   -2.87615e-16   -2.87612e-16    9.12997e-05
   16    1        106.644          47.07         3180.1        149.687    6      0.0543621    -2.6355e-13   -5.47691e-13    -2.6355e-13      0.0543621   -5.68286e-13   -5.47691e-13   -5.68286e-13      0.0543621
   16    2        106.644          47.07         3180.1        149.687    6      0.0543621   -1.23537e-13   -1.31779e-13   -1.23537e-13      0.0543621   -1.97662e-13   -1.31779e-13   -1.97662e-13      0.0543621
   16    3        196.172        31.6801        7324.55        232.042    6       0.184359    2.06155e-13   -1.21241e-14    2.06155e-13       0.184359    1.45527e-13   -1.21241e-14    1.45527e-13       0.184359
   16    4        483.459        1.93584        1723.49        3.33639    6    0.000436795    4.88406e-16    1.46526e-15    4.88406e-16    0.000436795   -4.88444e-16    1.46526e-15   -4.88444e-16    0.000436795
   16    5        483.459        1.93584        1723.49        3.33639    6    0.000436795   -1.46526e-15   -1.46524e-15   -1.46526e-15    0.000436795   -4.39575e-15   -1.46524e-15   -4.39575e-15    0.000436795
   16    6        499.477        1.73359         1136.9        1.97092    6    0.000165557    2.80638e-16   -8.41916e-16    2.80638e-16    0.000165557   -4.73832e-32   -8.41916e-16    4.73832e-32    0.000165557
   17    1        121.607        25.9388        2117.47        54.9246   24      0.0131955    7.35811e-16    7.35837e-16    7.35824e-16      0.0131955    7.35629e-16    7.35837e-16    7.35733e-16      0.0131955
   17    2        135.961        18.7674        3394.15        63.6993   24      0.0243584    5.28603e-14    5.28603e-14    5.28603e-14      0.0243584    5.28594e-14    5.28603e-14    5.28594e-14      0.0243584
   17    3        242.212        9.53914        6072.11        57.9227   24      0.0367289    -4.8191e-19    1.04197e-19    -4.8191e-19      0.0367289              0    1.04197e-19              0      0.0367289
   17    4        469.502        2.59619        1831.67        4.75536   24    0.000677385    5.04736e-17    5.04703e-17    5.04736e-17    0.000677385    5.04768e-17    5.04898e-17    5.04768e-17    0.000677385
   17    5        474.946        2.08316        1399.68        2.91574   24    0.000314506    2.03509e-21    1.62807e-21    2.03509e-21    0.000314506    1.62807e-21    1.62807e-21    1.62807e-21    0.000314506
   17    6        489.756        1.94083        1355.85        2.63148   24    0.000268109    3.64605e-17    3.64591e-17    3.64605e-17    0.000268109    3.64624e-17    3.64591e-17    3.64624e-17    0.000268109
   18    1        126.651        18.0349        1548.58        27.9285   24     0.00489538    5.10356e-16    5.10252e-16    5.10356e-16     0.00489538    5.10356e-16    5.10252e-16    5.10356e-16     0.00489538
   18    2        166.477         16.771        2945.41        49.3976   24      0.0161072     4.6421e-16    4.64301e-16    4.64197e-16      0.0161072    4.64092e-16    4.64301e-16    4.64092e-16      0.0161072
   18    3        285.644        2.57481        4319.79        11.1226   24     0.00480727    1.30246e-19   -1.56295e-19    1.30246e-19     0.00480727    1.04197e-19   -1.56295e-19    1.04197e-19     0.00480727
   18    4        444.989        5.53171        2896.08        16.0203   24     0.00375495   -1.04197e-19              0   -1.04197e-19     0.00375495    1.04197e-19              0    1.04197e-19     0.00375495
   18    5        471.792        2.14021        1172.33        2.50903   24    0.000227878    8.14037e-22   -9.76845e-21   -2.44211e-21    0.000227878    3.25615e-21    3.25615e-21              0    0.000227878
   18    6        483.175        2.22757          897.7        1.99969   24    0.000136426    1.22106e-21    1.62807e-21    1.22106e-21    0.000136426   -1.62807e-21    1.62807e-21   -1.62807e-21    0.000136426
   19    1        128.774        16.8341        1567.85        26.3934   24     0.00467904    2.60492e-20   -5.20984e-20    2.60492e-20     0.00467904    1.04197e-19   -5.20984e-20    1.04197e-19     0.00467904
   19    2        178.842        15.9904         4006.1         64.059   24      0.0281809   -6.18446e-09   -6.18446e-09   -6.18446e-09      0.0281809   -6.18446e-09   -6.18446e-09   -6.18446e-09      0.0281809
   19    3        327.071        1.23836        3611.87        4.47278   24     0.00154218    2.60492e-20              0    2.60492e-20     0.00154218   -3.90738e-20              0   -3.90738e-20     0.00154218
   19    4         410.99        11.8958        3403.97        40.4927   24      0.0117534   -4.16787e-19   -2.08394e-19   -4.16787e-19      0.0117534    2.08394e-19   -2.08394e-19    2.08394e-19      0.0117534
   19    5        471.269        2.13945        1197.34        2.56164   24    0.000237827    1.62807e-21    9.76845e-21    1.62807e-21    0.000237827              0    9.76845e-21              0    0.000237827
   19    6        483.574        2.89051        610.245        1.76392   24    8.17503e-05   -1.62807e-21   -8.14037e-22   -1.62807e-21    8.17503e-05    8.14037e-22   -8.14037e-22    8.14037e-22    8.17503e-05
   20    1         132.08        18.1519        1622.84        29.4575   24     0.00539653    5.12231e-16    5.12127e-16    5.12205e-16     0.00539653    5.12388e-16    5.12127e-16    5.12388e-16     0.00539653
   20    2        179.559         14.714        4780.01         70.333   24      0.0369003    2.08394e-19    1.66715e-18    4.16787e-19      0.0369003   -4.16787e-19    8.33574e-19   -4.16787e-19      0.0369003
   20    3        339.492        1.14825        2933.47        3.36835   24    0.000928985   -1.06347e-10   -1.06347e-10   -1.06347e-10    0.000928985   -1.06347e-10   -1.06347e-10   -1.06347e-10    0.000928985
   20    4        392.978        9.07196        2197.67        19.9371   24     0.00383523    5.20984e-20    5.20984e-20   -1.56295e-19     0.00383523    7.81476e-20    7.81476e-20   -1.04197e-19     0.00383523
   20    5        471.255          1.885        1227.95        2.31469   24      0.0002204    4.02331e-11    4.02331e-11    4.02331e-11      0.0002204    4.02331e-11    4.02331e-11    4.02331e-11      0.0002204
   20    6        486.321        3.59293        371.263        1.33392   24    3.74349e-05   -1.62807e-21   -6.10528e-22   -1.62807e-21    3.74349e-05    1.01755e-21   -6.10528e-22    1.01755e-21    3.74349e-05
   21    1          130.9         26.794        1546.12        41.4269   24      0.0072348    1.32589e-09    1.32589e-09    1.32589e-09      0.0072348    1.32589e-09    1.32589e-09    1.32589e-09      0.0072348
   21    2        178.413        14.4873        4443.57        64.3753   24      0.0314218   -7.98951e-09   -7.98951e-09   -7.98951e-09      0.0314218   -7.98951e-09   -7.98951e-09   -7.98951e-09      0.0314218
   21    3        293.745        2.14729        5091.69        10.9333   24     0.00552149   -5.20984e-20              0   -5.20984e-20     0.00552149    1.04197e-19              0    1.04197e-19     0.00552149
   21    4        419.378        8.89279        3610.83        32.1104   24     0.00976348    1.92827e-14    1.92833e-14    1.92831e-14     0.00976348    1.92832e-14    1.92829e-14    1.92836e-14     0.00976348
   21    5        474.741        1.77213        1219.03        2.16027   24    0.000203012   -2.68902e-11   -2.68902e-11   -2.68902e-11    0.000203012   -2.68902e-11   -2.68902e-11   -2.68902e-11    0.000203012
   21    6        487.982        3.81815        70.6972       0.269932   24    1.43841e-06   -3.49245e-13   -3.49245e-13   -3.49245e-13    1.43841e-06   -3.49245e-13   -3.49245e-13   -3.49245e-13    1.43841e-06
   22    1        118.252         62.814        2138.47        134.326   12      0.0326417   -2.86016e-14   -2.05404e-13   -2.86016e-14      0.0326417   -1.71602e-13   -2.05404e-13   -1.71602e-13      0.0326417
   22    2        163.621        15.4115        3536.58        54.5041   12      0.0213775   -3.08898e-14   -3.80968e-14   -3.08898e-14      0.0213775   -3.60365e-14   -3.80968e-14   -3.60365e-14      0.0213775
   22    3        243.982        6.78236        4669.79        31.6722   12      0.0154203   -5.62412e-15    1.12591e-15   -5.62412e-15      0.0154203   -1.12491e-14    1.12591e-15   -1.12491e-14      0.0154203
   22    4        449.751        4.02251        3290.45        13.2359   12     0.00349808   -2.17302e-15   -2.17313e-15   -2.17302e-15     0.00349808   -1.44875e-15   -2.17313e-15   -1.44875e-15     0.00349808
   22    5        484.411        1.81755        1348.32        2.45064   12    0.000250588              0   -1.13968e-15              0    0.000250588    8.86427e-16   -1.13968e-15    8.86427e-16    0.000250588
   22    6         488.17        3.04461        60.2387       0.183403   12    8.32472e-07    4.70802e-17   -2.48358e-23    4.70802e-17    8.32472e-07   -4.70803e-17   -2.48358e-23   -4.70803e-17    8.32472e-07
   23    1        133.779        16.5823        1178.88        19.5486    6     0.00259929    1.38098e-14    8.49831e-15    1.38098e-14     0.00259929    2.76197e-14    8.49831e-15    2.76197e-14     0.00259929
   23    2        133.779        16.5823        1178.88        19.5486    6     0.00259929   -9.56069e-15   -1.06229e-14   -9.56069e-15     0.00259929    -1.0623e-14   -1.06229e-14    -1.0623e-14     0.00259929
   23    3        280.658        3.64285        6322.54        23.0321    6      0.0146465   -2.23172e-15   -1.56249e-14   -2.23172e-15      0.0146465    -3.7947e-14   -1.56249e-14    -3.7947e-14      0.0146465
   23    4        466.261         2.5996        925.933        2.40706    6    0.000174264   -3.62704e-16    -2.1762e-15   -3.62704e-16    0.000174264     1.8135e-15    -2.1762e-15     1.8135e-15    0.000174264
   23    5        466.261         2.5996        925.933        2.40706    6    0.000174264    4.52941e-27      3.627e-16    4.52941e-27    0.000174264     1.4508e-15      3.627e-16     1.4508e-15    0.000174264
   23    6        480.679        2.35791        1938.16        4.57001    6     0.00067601   -1.34438e-15    6.72164e-16   -1.34438e-15     0.00067601   -1.34433e-15    6.72164e-16   -1.34433e-15     0.00067601
   24    1        137.127        13.0752        573.479        7.49838   24    0.000484178              0              0              0    0.000484178              0              0              0    0.000484178
   24    2        154.599        11.5951        3259.87        37.7985   24        0.01374   -6.25181e-19   -2.08394e-19   -6.25181e-19        0.01374    2.08394e-19   -1.04197e-19    2.60492e-19        0.01374
   24    3         312.69        2.17731         5441.5        11.8478   24     0.00625973   -1.95369e-20    2.60492e-20    5.86107e-20     0.00625973   -7.81476e-20              0              0     0.00625973
   24    4        451.201        4.15038        2564.06        10.6418   24     0.00218653   -1.30246e-19    1.04197e-19   -1.30246e-19     0.00218653              0    1.04197e-19              0     0.00218653
   24    5        463.178        2.86411        572.495        1.63969   24    7.37705e-05   -2.03509e-22              0   -2.03509e-22    7.37705e-05   -1.62807e-21              0   -1.62807e-21    7.37705e-05
   24    6         472.74        2.83497        1337.63        3.79214   24    0.000392356    5.48189e-17    5.48205e-17    5.48173e-17    0.000392356     5.4827e-17    5.48335e-17     5.4814e-17    0.000392356
   25    1        138.608        12.0029        595.223        7.14441   24    0.000478441   -1.79186e-11   -1.79186e-11   -1.79186e-11    0.000478441   -1.79186e-11   -1.79186e-11   -1.79186e-11    0.000478441
   25    2        187.495        13.4854        3091.76        41.6938   24       0.014071   -2.08394e-19    2.08394e-19   -2.08394e-19       0.014071    2.08394e-19     3.1259e-19    1.04197e-19       0.014071
   25    3        331.113        1.61019        3918.22        6.30908   24     0.00234829    1.16844e-10    1.16844e-10    1.16844e-10     0.00234829    1.16844e-10    1.16844e-10    1.16844e-10     0.00234829
   25    4        416.082        10.0794        3848.02        38.7856   24      0.0126303   -1.04197e-19    2.08394e-19   -1.04197e-19      0.0126303   -6.25181e-19    2.08394e-19   -6.25181e-19      0.0126303
   25    5        462.343        2.71487        556.514        1.51086   24    6.61678e-05              0    8.14037e-22              0    6.61678e-05              0    8.14037e-22              0    6.61678e-05
   25    6        475.432        3.40869        897.969         3.0609   24    0.000211645   -3.79182e-11   -3.79182e-11   -3.79182e-11    0.000211645   -3.79182e-11   -3.79182e-11   -3.79182e-11    0.000211645
   26    1        142.365        12.5426        638.893        8.01335   24    0.000574847    -8.2573e-11    -8.2573e-11    -8.2573e-11    0.000574847    -8.2573e-11    -8.2573e-11    -8.2573e-11    0.000574847
   26    2        209.681        17.2983        1405.97        24.3209   24     0.00367095   -6.42989e-10   -6.42989e-10   -6.42989e-10     0.00367095   -6.42989e-10   -6.42989e-10   -6.42989e-10     0.00367095
   26    3        340.872        1.24581        1753.62        2.18467   24    0.000359571    1.28619e-15    1.28617e-15    1.28619e-15    0.000359571    1.28619e-15    1.28617e-15    1.28619e-15    0.000359571
   26    4         378.86        5.24695        2425.53        12.7266   24       0.002756   -3.17012e-10   -3.17012e-10   -3.17012e-10       0.002756   -3.17012e-10   -3.17012e-10   -3.17012e-10       0.002756
   26    5        461.573        2.38156        575.154        1.36977   24    6.20762e-05   -4.07019e-22   -1.62807e-21   -4.07019e-22    6.20762e-05              0   -1.62807e-21              0    6.20762e-05
   26    6        480.902        4.53847        721.295        3.27357   24    0.000180143              0   -3.25615e-21              0    0.000180143    1.62807e-21   -3.25615e-21    1.62807e-21    0.000180143
   27    1        142.078        14.9506        600.759        8.98171   12    0.000605951   -1.60978e-10    -1.6098e-10   -1.60978e-10    0.000605951   -1.60981e-10    -1.6098e-10   -1.60981e-10    0.000605951
   27    2         209.79        18.4488        1640.54        30.2661   12     0.00533003   -1.86592e-09   -1.86591e-09   -1.86592e-09     0.00533003   -1.86592e-09   -1.86591e-09   -1.86592e-09     0.00533003
   27    3        315.054        1.36842        3674.78        5.02864   12     0.00178933     2.4747e-10    2.47471e-10     2.4747e-10     0.00178933    2.47471e-10    2.47471e-10    2.47471e-10     0.00178933
   27    4        388.124         8.3166         3155.8        26.2456   12     0.00729994   -1.62996e-10   -1.63006e-10   -1.62996e-10     0.00729994   -1.63019e-10   -1.63006e-10   -1.63019e-10     0.00729994
   27    5        464.568        2.04321          756.3        1.54528   12    9.16341e-05   -1.31887e-11    -1.3189e-11   -1.31887e-11    9.16341e-05   -1.31892e-11    -1.3189e-11   -1.31892e-11    9.16341e-05
   27    6        485.839        4.82753        434.258         2.0964   12    6.88725e-05   -9.17879e-13   -9.18419e-13   -9.17879e-13    6.88725e-05   -9.17555e-13   -9.18419e-13   -9.17555e-13    6.88725e-05
   28    1        138.573        10.3513        154.775        1.60212    6    2.78988e-05    -6.9476e-16   -6.77392e-15    -6.9476e-16    2.78988e-05   -1.56321e-15   -6.77392e-15   -1.56321e-15    2.78988e-05
   28    2        138.573        10.3513        154.776        1.60213    6    2.78992e-05   -8.68458e-16   -1.73691e-15   -8.68458e-16    2.78992e-05   -1.56323e-15   -1.73691e-15   -1.56323e-15    2.78992e-05
   28    3        351.701        2.40567        5172.66        12.4437    6      0.0059587    2.48156e-27   -3.45588e-19    2.48156e-27      0.0059587   -1.33201e-14   -3.45588e-19   -1.33201e-14      0.0059587
   28    4        450.914        4.69109        2908.36        13.6434    6     0.00318112    4.21591e-15    1.68636e-14    4.21591e-15     0.00318112    8.43181e-15    1.68636e-14    8.43181e-15     0.00318112
   28    5        460.729        2.66576        82.1831        0.21908    6    1.42063e-06   -6.66267e-17   -3.12475e-27   -6.66267e-17    1.42063e-06    6.66267e-17   -3.12475e-27    6.66267e-17    1.42063e-06
   28    6        460.729        2.66576        82.1866        0.21909    6    1.42075e-06    3.12477e-27   -6.66297e-17    3.12477e-27    1.42075e-06   -6.66297e-17   -6.66297e-17   -6.66297e-17    1.42075e-06
   29    1        138.569        9.32062        286.162         2.6672   24    8.58736e-05    1.62807e-21    1.62807e-21    1.62807e-21    8.58736e-05   -8.14037e-22    1.62807e-21   -8.14037e-22    8.58736e-05
   29    2        154.814        8.76572        3607.02        31.6182   24      0.0127158   -1.04197e-18   -1.04197e-19   -1.04197e-18      0.0127158    5.73082e-19   -9.11722e-20    5.60058e-19      0.0127158
   29    3        373.122        4.15807        4769.15        19.8305   24      0.0085103    1.04197e-19              0    1.04197e-19      0.0085103              0              0              0      0.0085103
   29    4        420.534        9.37503         3895.3        36.5186   24      0.0119577   -1.04197e-19   -2.08394e-19   -1.04197e-19      0.0119577    2.08394e-19   -2.08394e-19    2.08394e-19      0.0119577
   29    5        460.341        2.70476        77.0612       0.208432   24    1.26815e-06    2.66941e-18    2.66937e-18    2.66939e-18    1.26815e-06    2.66934e-18    2.66934e-18    2.66934e-18    1.26815e-06
   29    6        465.767        2.95401        921.535        2.72222   24    0.000196305    -3.7187e-11    -3.7187e-11    -3.7187e-11    0.000196305    -3.7187e-11    -3.7187e-11    -3.7187e-11    0.000196305
   30    1        142.074        9.56944         417.16        3.99199   12    0.000187013    2.10866e-11    2.10829e-11    2.10866e-11    0.000187013    2.10886e-11    2.10829e-11    2.10886e-11    0.000187013
   30    2        190.017        11.7473        3964.95        46.5776   12      0.0201224    6.36592e-11    6.36704e-11    6.36592e-11      0.0201224    6.36358e-11    6.36704e-11    6.36358e-11      0.0201224
   30    3        374.571        5.13586        3061.73        15.7246   12     0.00432375   -7.75729e-09   -7.75728e-09   -7.75729e-09     0.00432375   -7.75728e-09   -7.75728e-09   -7.75728e-09     0.00432375
   30    4        379.568        6.57368        2152.05        14.1469   12     0.00271549    6.79702e-09    6.79702e-09    6.79702e-09     0.00271549    6.79702e-09    6.79702e-09    6.79702e-09     0.00271549
   30    5        459.321        2.43121        50.4024       0.122539   12     4.8845e-07    4.09686e-13    4.09626e-13    4.09686e-13     4.8845e-07    4.09672e-13    4.09626e-13    4.09672e-13     4.8845e-07
   30    6        473.388        3.74846        900.643        3.37603   12    0.000234934    -6.5388e-12   -6.53862e-12    -6.5388e-12    0.000234934   -6.53934e-12   -6.53862e-12   -6.53934e-12    0.000234934
   31    1        136.497        8.45684    6.64277e-05    5.61768e-07    3    4.20309e-18     -7.315e-22    1.52473e-21     -7.315e-22    4.20516e-18    3.65998e-22    1.52473e-21    3.65998e-22     4.2065e-18
   31    2        136.497        8.45684    6.64363e-05    5.61841e-07    3    4.20418e-18   -1.21959e-21     6.1131e-23   -1.21959e-21    4.20467e-18   -1.82935e-21     6.1131e-23   -1.82935e-21    4.20394e-18
   31    3        408.332        22.5506        1.00394      0.0226395    3    1.94572e-09    1.86751e-17    3.73501e-18    1.86751e-17    1.94572e-09     1.1205e-17    3.73501e-18     1.1205e-17    1.94572e-09
   31    4        408.332        22.5506        1.00366      0.0226332    3    1.94463e-09   -3.36057e-17   -2.24038e-17   -3.36057e-17    1.94463e-09   -1.12019e-17   -2.24038e-17   -1.12019e-17    1.94463e-09
   31    5        460.818        2.66576    1.46735e-05    3.91161e-08    3    4.52815e-20    3.56827e-23    4.75894e-23    3.56827e-23    4.52814e-20    1.19005e-23    4.75894e-23    1.19005e-23    4.53049e-20
   31    6        460.818        2.66576    1.46773e-05    3.91262e-08    3    4.53049e-20    1.19036e-23     2.3804e-23    1.19036e-23    4.52574e-20     1.1916e-23     2.3804e-23     1.1916e-23    4.53525e-20
   32    1        108.341         67.043        3389.98        227.275   24      0.0879258   -2.50508e-14    6.83712e-14   -2.50508e-14      0.0879258    9.43939e-15    6.83712e-14    9.43939e-15      0.0879258
   32    2        127.886        24.9094        4013.25        99.9675   24      0.0453837   -3.16637e-15    -2.6244e-14   -3.16637e-15      0.0453837   -1.34039e-15   -2.62456e-14   -1.34039e-15      0.0453837
   32    3        209.217        17.3446        5948.77        103.179   24      0.0659175    1.20459e-14    3.10827e-14    1.20459e-14      0.0659175   -6.04383e-14    3.10827e-14   -6.04383e-14      0.0659175
   32    4        474.383        2.20024        2414.01        5.31141   24    0.000989036   -3.97161e-16    5.65937e-16   -3.97161e-16    0.000989036    9.86952e-16    5.65963e-16    9.86926e-16    0.000989036
   32    5        485.855        2.21817        1196.39        2.65379   24    0.000240187   -4.61354e-16   -3.61038e-16   -4.61354e-16    0.000240187    2.11816e-16   -3.61047e-16    2.11819e-16    0.000240187
   32    6        494.695         1.8285        1266.23         2.3153   24    0.000218426   -3.76798e-16    3.88507e-16   -3.76798e-16    0.000218426   -2.17641e-16    3.88507e-16   -2.17641e-16    0.000218426
   33    1        125.471        29.7834        2695.77        80.2892   48      0.0245127    6.77279e-19     6.5123e-19    6.77279e-19      0.0245127    4.16787e-19    6.25181e-19    1.25036e-18      0.0245127
   33    2        154.109        15.7571        3512.09        55.3403   48      0.0216793   -6.25181e-19              0   -1.25036e-18      0.0216793   -1.45875e-18              0    1.87554e-18      0.0216793
   33    3        260.843        4.15893        5251.59         21.841   48      0.0117696    7.29377e-19   -1.04197e-19     3.1259e-19      0.0117696   -7.29377e-19   -5.20984e-20    -3.1259e-19      0.0117696
   33    4        449.816        4.39349         3036.8        13.3422   48     0.00325401    2.08394e-19     8.7916e-20    1.82344e-19     0.00325401   -1.04197e-19    7.16353e-20    1.62807e-20     0.00325401
   33    5        481.447        2.03692        1087.89        2.21595   48    0.000183748    3.88198e-17    3.88161e-17    3.88222e-17    0.000183748    3.88174e-17    3.88151e-17    3.88182e-17    0.000183748
   33    6        485.857        2.04761        880.814        1.80356   48    0.000120178    3.87258e-17    3.87254e-17    3.87233e-17    0.000120178    3.87286e-17    3.87176e-17     3.8727e-17    0.000120178
   34    1        130.738        20.0963        2675.55        53.7686   48      0.0162509   -5.99131e-19   -1.25036e-18   -5.99131e-19      0.0162509              0   -1.25036e-18              0      0.0162509
   34    2        162.628        15.5489        4088.59        63.5732   48      0.0288442    2.06022e-10    2.06022e-10    2.06022e-10      0.0288442    2.06022e-10    2.06022e-10    2.06022e-10      0.0288442
   34    3        315.226        1.60069        4915.58         7.8683   48     0.00374435   -1.43271e-19   -7.81476e-20   -1.43271e-19     0.00374435    7.81476e-20   -1.04197e-19    1.04197e-19     0.00374435
   34    4        419.615        11.2382        3431.68        38.5658   48      0.0111405   -7.29377e-19   -2.21418e-19   -8.33574e-19      0.0111405    7.81476e-20   -3.38639e-19    1.30246e-19      0.0111405
   34    5        476.506        1.92554        1064.08        2.04894   48    0.000167577   -1.96514e-11   -1.96514e-11   -1.96514e-11    0.000167577   -1.96514e-11   -1.96514e-11   -1.96514e-11    0.000167577
   34    6        485.219        2.85643        596.832        1.70481   48    7.70573e-05   -2.03509e-21   -2.84913e-21   -4.07019e-22    7.70573e-05    -4.4772e-21    8.14037e-22   -3.25615e-21    7.70573e-05
   35    1        131.482        18.7358        2698.39        50.5566   24      0.0154048     3.1872e-10    3.18777e-10     3.1872e-10      0.0154048    3.18759e-10    3.18777e-10    3.18759e-10      0.0154048
   35    2         163.06        14.0747        4409.97         62.069   24      0.0303673    -2.1848e-10    -2.1852e-10    -2.1848e-10      0.0303673   -2.18543e-10    -2.1852e-10   -2.18543e-10      0.0303673
   35    3         348.63        1.64196        2019.31        3.31561   24    0.000622249   -1.62814e-10   -1.62813e-10   -1.62814e-10    0.000622249   -1.62814e-10   -1.62813e-10   -1.62814e-10    0.000622249
   35    4        396.197        11.1449        1537.97        17.1406   24      0.0022969    7.39577e-10    7.39577e-10    7.39577e-10      0.0022969    7.39579e-10    7.39577e-10    7.39579e-10      0.0022969
   35    5        475.403        2.09082        1133.59        2.37013   24    0.000206893    1.72873e-12     1.7288e-12    1.72873e-12    0.000206893    1.72885e-12     1.7288e-12    1.72885e-12    0.000206893
   35    6        485.403         3.1475        496.769        1.56358   24    5.88063e-05   -3.65346e-12   -3.65362e-12   -3.65346e-12    5.88063e-05   -3.65338e-12   -3.65362e-12   -3.65338e-12    5.88063e-05
   36    1        142.513        15.6977        2178.49        34.1973   24     0.00836419     1.4855e-15    2.86674e-14     1.4855e-15     0.00836419     3.8334e-16    2.86674e-14     3.8334e-16     0.00836419
   36    2        151.054        12.8529        2659.05        34.1765   24      0.0101545    1.11396e-14    1.38919e-14    1.11396e-14      0.0101545   -1.11074e-16    1.38919e-14   -1.11074e-16      0.0101545
   36    3        276.605        3.35566        5282.86        17.7275   24     0.00945914   -6.59012e-15   -6.01509e-16   -6.59012e-15     0.00945914    2.30324e-15   -6.01522e-16    2.30323e-15     0.00945914
   36    4        452.305        3.71035        2637.53        9.78617   24     0.00206466   -6.62701e-17   -3.22944e-15   -6.62701e-17     0.00206466   -3.02952e-16   -3.22944e-15   -3.02952e-16     0.00206466
   36    5        472.829        2.57219        1247.99        3.21006   24    0.000309827     -9.722e-16   -2.46161e-16     -9.722e-16    0.000309827   -1.02939e-15   -2.46161e-16   -1.02939e-15    0.000309827
   36    6        479.241        2.30244        1370.59        3.15571   24     0.00033091   -2.81669e-16   -6.48348e-16   -2.81669e-16     0.00033091   -3.95873e-16   -6.48348e-16   -3.95873e-16     0.00033091
   37    1        148.713        12.5661        3100.61        38.9625   48      0.0135169    5.20984e-19    5.20984e-19   -1.04197e-19      0.0135169   -9.37771e-19    8.33574e-19    1.04197e-19      0.0135169
   37    2        179.884        14.8511        2444.68         36.306   48     0.00973971    6.77279e-19    7.29377e-19    7.29377e-19     0.00973971   -2.08394e-19    7.29377e-19   -2.08394e-19     0.00973971
   37    3        305.501        1.96231        3666.09        7.19401   48     0.00258193    1.95107e-10    1.95107e-10    1.95107e-10     0.00258193    1.95107e-10    1.95107e-10    1.95107e-10     0.00258193
   37    4        423.503        9.16274        3638.79        33.3413   48      0.0101526    5.20984e-19    2.86541e-19    4.16787e-19      0.0101526    5.20984e-20    3.38639e-19   -2.99566e-19      0.0101526
   37    5        469.099        2.46762        902.217        2.22633   48    0.000156314   -1.62807e-21    8.14037e-22   -1.62807e-21    0.000156314   -8.14037e-22    3.25615e-21   -2.44211e-21    0.000156314
   37    6        476.781        3.19055        978.525        3.12203   48    0.000234704   -2.56945e-13   -2.56945e-13   -2.56945e-13    0.000234704   -2.56945e-13   -2.56945e-13   -2.56945e-13    0.000234704
   38    1        151.171        12.4946        3081.68        38.5043   48      0.0132578   -1.56295e-19              0   -1.56295e-19      0.0132578              0   -1.04197e-19    -3.1259e-19      0.0132578
   38    2        196.769        15.8932         2304.3        36.6228   48     0.00914984   -5.48897e-10   -5.48897e-10   -5.48897e-10     0.00914984   -5.48897e-10   -5.48897e-10   -5.48897e-10     0.00914984
   38    3            332        1.11497        1856.89        2.07038   48    0.000364807    3.11129e-11    3.11129e-11    3.11129e-11    0.000364807    3.11129e-11    3.11129e-11    3.11129e-11    0.000364807
   38    4        388.889        8.04113        3125.56        25.1331   48     0.00691606     4.4638e-11     4.4638e-11     4.4638e-11     0.00691606     4.4638e-11     4.4638e-11     4.4638e-11     0.00691606
   38    5        466.134        2.47001        780.682        1.92829   48    0.000117728    1.62807e-21    1.01755e-21    1.62807e-21    0.000117728   -1.62807e-21    1.01755e-21   -1.62807e-21    0.000117728
   38    6        479.466        4.02474          805.1        3.24032   48    0.000199516    7.69477e-17    7.69522e-17    7.69477e-17    0.000199516    7.69493e-17    7.69522e-17    7.69493e-17    0.000199516
   39    1        152.421        14.1415         2803.4        39.6443   48      0.0124088    -3.1259e-19   -1.04197e-18   -4.68885e-19      0.0124088     3.1259e-19   -1.25036e-18    4.16787e-19      0.0124088
   39    2        197.974        15.9462        2885.86        46.0184   48       0.014386   -1.04197e-19    -3.1259e-19   -1.04197e-19       0.014386   -2.60492e-19    -3.1259e-19   -2.60492e-19       0.014386
   39    3        321.726        1.24108           3325        4.12661   48     0.00131822   -1.43271e-19   -1.17221e-19   -1.43271e-19     0.00131822    2.21418e-19   -1.17221e-19    2.21418e-19     0.00131822
   39    4        389.616        8.62718        3186.84        27.4934   48     0.00770602    4.57194e-09    4.57194e-09    4.57194e-09     0.00770602    4.57194e-09    4.57194e-09    4.57194e-09     0.00770602
   39    5        466.469        2.28804        812.799        1.85971   48    0.000118146    4.26457e-11    4.26457e-11    4.26457e-11    0.000118146    4.26457e-11    4.26457e-11    4.26457e-11    0.000118146
   39    6        482.297        4.51774        835.478        3.77447   48    0.000240018   -1.01755e-20   -1.79088e-20   -9.36143e-21    0.000240018    4.07019e-21   -9.76845e-21    1.62807e-21    0.000240018
   40    1        145.515        17.5149        2699.73        47.2854   24       0.014309    9.19635e-10     9.1964e-10    9.19635e-10       0.014309    9.19633e-10     9.1964e-10    9.19633e-10       0.014309
   40    2        185.031        14.5389        2831.78        41.1709   24      0.0127483    -9.2711e-10   -9.27124e-10    -9.2711e-10      0.0127483   -9.27123e-10   -9.27124e-10   -9.27123e-10      0.0127483
   40    3        285.432        2.21292        3741.57        8.27979   24     0.00310027    2.30696e-10    2.30693e-10    2.30696e-10     0.00310027    2.30693e-10    2.30693e-10    2.30693e-10     0.00310027
   40    4          420.7          8.242        3669.09        30.2406   24     0.00932468    2.98671e-12    2.98872e-12    2.98671e-12     0.00932468    2.99933e-12    2.98872e-12    2.99933e-12     0.00932468
   40    5         472.63        1.83185        1095.91        2.00754   24    0.000170207    -4.9157e-12   -4.91626e-12    -4.9157e-12    0.000170207   -4.91557e-12   -4.91626e-12   -4.91557e-12    0.000170207
   40    6        483.568        3.89506        933.114        3.63454   24     0.00025757   -8.35857e-14   -8.32542e-14   -8.35857e-14     0.00025757   -8.31955e-14   -8.32542e-14   -8.31955e-14     0.00025757
   41    1        155.359        9.50941        2491.29        23.6907   24     0.00657837   -2.21021e-08   -2.21021e-08   -2.21021e-08     0.00657837   -2.21021e-08   -2.21021e-08   -2.21021e-08     0.00657837
   41    2        155.902        10.4226        2301.85        23.9913   24     0.00615332    2.56637e-08    2.56637e-08    2.56637e-08     0.00615332    2.56637e-08    2.56637e-08    2.56637e-08     0.00615332
   41    3        338.189        2.06324        4982.52        10.2801   24      0.0048235   -2.77367e-11   -2.77445e-11   -2.77367e-11      0.0048235   -2.77424e-11   -2.77445e-11   -2.77424e-11      0.0048235
   41    4        428.536        6.28848        3677.17        23.1238   24     0.00706099    1.73366e-10    1.73365e-10    1.73366e-10     0.00706099    1.73371e-10    1.73365e-10    1.73371e-10     0.00706099
   41    5        465.754        3.19668        738.143        2.35961   24    0.000136297   -4.63559e-11   -4.63553e-11   -4.63559e-11    0.000136297   -4.63551e-11   -4.63553e-11   -4.63551e-11    0.000136297
   41    6        466.579        2.77813        606.506        1.68495   24    7.98611e-05     -4.226e-11   -4.22593e-11     -4.226e-11    7.98611e-05   -4.22599e-11   -4.22593e-11   -4.22599e-11    7.98611e-05
   42    1        157.756        10.5287        3359.34        35.3696   48      0.0132246   -2.34443e-19   -5.20984e-19   -2.34443e-19      0.0132246    -6.5123e-20   -5.20984e-19    -6.5123e-20      0.0132246
   42    2        189.631        12.7754        3545.09        45.2901   48      0.0174992    1.73986e-09    1.73986e-09    1.73986e-09      0.0174992    1.73986e-09    1.73986e-09    1.73986e-09      0.0174992
   42    3        349.626        1.80554        4040.52        7.29534   48     0.00273608    1.13867e-10    1.13867e-10    1.13867e-10     0.00273608    1.13867e-10    1.13867e-10    1.13867e-10     0.00273608
   42    4        390.888        9.75624        4180.72        40.7881   48      0.0149707    1.14616e-18    9.11722e-19    1.14616e-18      0.0149707    2.60492e-19    9.11722e-19    2.60492e-19      0.0149707
   42    5        462.361        3.08992        530.723        1.63989   48    6.84882e-05   -1.01755e-21   -8.14037e-22   -3.05264e-21    6.84882e-05    1.62807e-21   -4.07019e-22   -8.14037e-22    6.84882e-05
   42    6         471.49        3.73342        939.407         3.5072   48    0.000255377    3.86668e-21    3.25615e-21   -2.03509e-22    0.000255377   -3.25615e-21    1.62807e-21   -1.62807e-21    0.000255377
   43    1         159.79        12.0737        3069.98        37.0659   24      0.0126495   -2.11957e-11   -2.11586e-11   -2.11957e-11      0.0126495   -2.11826e-11   -2.11586e-11   -2.11826e-11      0.0126495
   43    2        211.285        17.5665        911.974        16.0202   24     0.00156646   -3.87404e-10   -3.87413e-10   -3.87404e-10     0.00156646   -3.87415e-10   -3.87413e-10   -3.87415e-10     0.00156646
   43    3        343.008         1.4049        3142.07        4.41429   24     0.00129829   -1.27369e-10   -1.27369e-10   -1.27369e-10     0.00129829   -1.27368e-10   -1.27369e-10   -1.27368e-10     0.00129829
   43    4        368.169        3.50297        1092.26        3.82617   24     0.00037859    1.67141e-11    1.67139e-11    1.67141e-11     0.00037859    1.67136e-11    1.67139e-11    1.67136e-11     0.00037859
   43    5         461.32        2.94756        303.578       0.894814   24     2.1413e-05    4.06029e-13    4.06098e-13    4.06029e-13     2.1413e-05    4.05994e-13    4.06098e-13    4.05994e-13     2.1413e-05
   43    6        477.326         4.5986        944.898        4.34521   24    0.000315142   -2.34609e-11   -2.34613e-11   -2.34609e-11    0.000315142   -2.34619e-11   -2.34613e-11   -2.34619e-11    0.000315142
   44    1         155.71        8.55399        2749.58        23.5199   12     0.00720657   -7.52105e-07   -7.52105e-07   -7.52105e-07     0.00720657   -7.52105e-07   -7.52105e-07   -7.52105e-07     0.00720657
   44    2         155.71        8.55399        2750.91        23.5313   12     0.00721354    7.53006e-07    7.53006e-07    7.53006e-07     0.00721354    7.53006e-07    7.53006e-07    7.53006e-07     0.00721354
   44    3        390.134         12.613        2551.98        32.1881   12     0.00721928   -1.31195e-06   -1.31195e-06   -1.31195e-06     0.00721928   -1.31195e-06   -1.31195e-06   -1.31195e-06     0.00721928
   44    4        390.134         12.613        2552.44        32.1939   12     0.00722188    1.31265e-06    1.31265e-06    1.31265e-06     0.00722188    1.31265e-06    1.31265e-06    1.31265e-06     0.00722188
   44    5         463.93        3.08852        311.334        0.96156   12    2.34972e-05   -6.73103e-09   -6.73103e-09   -6.73103e-09    2.34972e-05   -6.73103e-09   -6.73103e-09   -6.73103e-09    2.34972e-05
   44    6         463.93        3.08852        311.646       0.962524   12    2.35442e-05    6.73995e-09    6.73995e-09    6.73995e-09    2.35442e-05    6.73995e-09    6.73995e-09    6.73995e-09    2.35442e-05
   45    1        175.703        13.7827        1943.66         26.789   24     0.00572988   -1.80322e-09   -1.80323e-09   -1.80322e-09     0.00572988   -1.80323e-09   -1.80323e-09   -1.80323e-09     0.00572988
   45    2        191.134        13.6264        2839.83        38.6966   24      0.0119642    1.56759e-09    1.56757e-09    1.56759e-09      0.0119642     1.5676e-09    1.56757e-09     1.5676e-09      0.0119642
   45    3        323.353        1.34011        2904.36        3.89216   24     0.00108393    -1.2338e-12   -1.23542e-12    -1.2338e-12     0.00108393    -1.2345e-12   -1.23542e-12    -1.2345e-12     0.00108393
   45    4        391.257        9.35442        3868.05        36.1834   24      0.0122809    1.23489e-10    1.23498e-10    1.23489e-10      0.0122809    1.23493e-10    1.23498e-10    1.23493e-10      0.0122809
   45    5        465.418        2.93086        395.861        1.16021   24    3.59605e-05    5.48926e-13    5.49083e-13    5.48926e-13    3.59605e-05    5.49087e-13    5.49083e-13    5.49087e-13    3.59605e-05
   45    6        473.726        4.37192        955.744        4.17843   24    0.000308387   -7.01803e-12    -7.0178e-12   -7.01803e-12    0.000308387   -7.01784e-12    -7.0178e-12   -7.01784e-12    0.000308387
   46    1        180.187        13.1363        2353.73        30.9192   24      0.0079844    6.29868e-11    6.29953e-11    6.29868e-11      0.0079844    6.29904e-11    6.29953e-11    6.29904e-11      0.0079844
   46    2        203.904        15.5502        53.8562       0.837475   24     4.8639e-06   -1.74724e-11   -1.74725e-11   -1.74724e-11     4.8639e-06   -1.74728e-11   -1.74725e-11   -1.74728e-11     4.8639e-06
   46    3        338.237        1.23977        1191.99        1.47779   24    0.000165872    4.26416e-12    4.26421e-12    4.26416e-12    0.000165872    4.26434e-12    4.26421e-12    4.26434e-12    0.000165872
   46    4        367.396        3.09881        1719.81        5.32937   24    0.000831159    2.56121e-10    2.56123e-10    2.56121e-10    0.000831159    2.56122e-10    2.56123e-10    2.56122e-10    0.000831159
   46    5        463.787        3.35756          7.055      0.0236876   24    1.31201e-08   -1.42328e-14   -1.42448e-14   -1.42328e-14    1.31201e-08   -1.42454e-14   -1.42448e-14   -1.42454e-14    1.31201e-08
   46    6        472.718        4.36606        813.263        3.55075   24    0.000223371    -1.4291e-11   -1.42919e-11    -1.4291e-11    0.000223371   -1.42916e-11   -1.42919e-11   -1.42916e-11    0.000223371
   47    1        190.072        13.4912        2054.18        27.7133   12     0.00620262   -8.33731e-07    -8.3373e-07   -8.33731e-07     0.00620262    -8.3373e-07    -8.3373e-07    -8.3373e-07     0.00620262
   47    2        190.072        13.4912        2053.18        27.6998   12     0.00619658     8.3344e-07     8.3344e-07     8.3344e-07     0.00619658     8.3344e-07     8.3344e-07     8.3344e-07     0.00619658
   47    3        358.335         2.3128        1911.75        4.42149   12    0.000775788   -1.24284e-07   -1.24284e-07   -1.24284e-07    0.000775788   -1.24284e-07   -1.24284e-07   -1.24284e-07    0.000775788
   47    4        358.335         2.3128        1912.94        4.42424   12    0.000776754    1.24382e-07    1.24382e-07    1.24382e-07    0.000776754    1.24382e-07    1.24382e-07    1.24382e-07    0.000776754
   47    5        466.239        3.82542        71.8882       0.275003   12     1.5458e-06   -1.28574e-09   -1.28574e-09   -1.28574e-09     1.5458e-06   -1.28574e-09   -1.28574e-09   -1.28574e-09     1.5458e-06
   47    6        466.239        3.82542        71.8775       0.274962   12    1.54534e-06    1.28558e-09    1.28558e-09    1.28558e-09    1.54534e-06    1.28558e-09    1.28558e-09    1.28558e-09    1.54534e-06
