# Filename: ../data/vasprun_harmonic1.xml, Snapshot: 1, E_pot (eV): -504.90661943
      0.0188974       0.0000000       0.0000000      -2.52051055E-02 -3.17391764E-04  0.00000000E+00
      0.0000000       0.0000000       0.0000000      -3.26884187E-04 -1.36050662E-03  0.00000000E+00
      0.0000000       0.0000000       0.0000000      -6.04522589E-05 -8.57324570E-05 -0.00000000E+00
      0.0000000       0.0000000       0.0000000      -6.07991917E-05 -4.02193103E-05  0.00000000E+00
      0.0000000       0.0000000       0.0000000      -3.32436667E-04 -1.15060917E-03 -0.00000000E+00
      0.0000000       0.0000000       0.0000000       1.84247831E-03 -9.32809676E-05  0.00000000E+00
      0.0000000       0.0000000       0.0000000      -3.26548534E-04  1.33772768E-03  0.00000000E+00
      0.0000000       0.0000000       0.0000000       2.00832074E-05  8.75110709E-07  0.00000000E+00
      0.0000000       0.0000000       0.0000000       1.64921420E-05 -4.05016794E-05  0.00000000E+00
      0.0000000       0.0000000       0.0000000       1.51346702E-04 -7.52381294E-05  0.00000000E+00
      0.0000000       0.0000000       0.0000000       4.92586206E-05 -2.38496839E-05  0.00000000E+00
      0.0000000       0.0000000       0.0000000       1.53277391E-04  7.66184707E-05  0.00000000E+00
      0.0000000       0.0000000       0.0000000      -6.07264602E-05  8.66795213E-05 -0.00000000E+00
      0.0000000       0.0000000       0.0000000       1.73583071E-05  4.16276552E-05  0.00000000E+00
      0.0000000       0.0000000       0.0000000       8.80462498E-05 -9.14004519E-08 -0.00000000E+00
      0.0000000       0.0000000       0.0000000       4.83547284E-05  2.24304488E-05 -0.00000000E+00
      0.0000000       0.0000000       0.0000000       8.79536825E-05 -2.13527013E-07  0.00000000E+00
      0.0000000       0.0000000       0.0000000       1.72525159E-05  4.15475339E-05  0.00000000E+00
      0.0000000       0.0000000       0.0000000      -6.02204518E-05  3.99377192E-05  0.00000000E+00
      0.0000000       0.0000000       0.0000000       1.52829334E-04  7.71754301E-05  0.00000000E+00
      0.0000000       0.0000000       0.0000000       1.83172067E-03  1.06144706E-04 -0.00000000E+00
      0.0000000       0.0000000       0.0000000       1.50702621E-04 -7.59821680E-05 -0.00000000E+00
      0.0000000       0.0000000       0.0000000       1.65119778E-05 -4.05184037E-05  0.00000000E+00
      0.0000000       0.0000000       0.0000000       1.98362317E-05  1.49974529E-06  0.00000000E+00
      0.0000000       0.0000000       0.0000000      -3.21394715E-04  1.14832222E-03 -0.00000000E+00
      0.0000000       0.0000000       0.0000000       8.68521865E-03 -2.59451190E-03 -0.00000000E+00
      0.0000000       0.0000000       0.0000000      -2.57136308E-04  1.86813967E-04  0.00000000E+00
      0.0000000       0.0000000       0.0000000       2.39426401E-05  1.00579391E-06  0.00000000E+00
      0.0000000       0.0000000       0.0000000       2.36470082E-04 -1.00647066E-04  0.00000000E+00
      0.0000000       0.0000000       0.0000000       4.15144158E-03  1.95577520E-05 -0.00000000E+00
      0.0000000       0.0000000       0.0000000       9.14771933E-03  2.91056532E-03 -0.00000000E+00
      0.0000000       0.0000000       0.0000000       7.72245529E-04 -4.07996060E-06  0.00000000E+00
      0.0000000       0.0000000       0.0000000       4.28423088E-05  4.84492404E-05  0.00000000E+00
      0.0000000       0.0000000       0.0000000      -1.56703158E-06  7.44816448E-05  0.00000000E+00
      0.0000000       0.0000000       0.0000000      -4.77347611E-05  4.78291564E-04 -0.00000000E+00
      0.0000000       0.0000000       0.0000000      -8.99858840E-05 -2.87100487E-04  0.00000000E+00
      0.0000000       0.0000000       0.0000000      -2.61451965E-04 -1.89774175E-04 -0.00000000E+00
      0.0000000       0.0000000       0.0000000       4.26081681E-05 -4.94359763E-05  0.00000000E+00
      0.0000000       0.0000000       0.0000000       1.46948590E-05  9.02336376E-08  0.00000000E+00
      0.0000000       0.0000000       0.0000000      -8.66585186E-05  2.62490430E-05 -0.00000000E+00
      0.0000000       0.0000000       0.0000000       2.21998085E-05  8.59553186E-08 -0.00000000E+00
      0.0000000       0.0000000       0.0000000      -1.36543330E-04 -4.56107702E-05  0.00000000E+00
      0.0000000       0.0000000       0.0000000       2.36878856E-05 -8.48273981E-07 -0.00000000E+00
      0.0000000       0.0000000       0.0000000      -2.70000824E-06 -7.52711892E-05 -0.00000000E+00
      0.0000000       0.0000000       0.0000000      -8.72057545E-05 -2.55193951E-05  0.00000000E+00
      0.0000000       0.0000000       0.0000000      -8.83675126E-05  2.84825200E-04 -0.00000000E+00
      0.0000000       0.0000000       0.0000000      -1.34953351E-04  4.40713532E-05  0.00000000E+00
      0.0000000       0.0000000       0.0000000      -5.80836259E-05 -1.14775631E-06 -0.00000000E+00
      0.0000000       0.0000000       0.0000000       2.36515588E-04  9.63360763E-05  0.00000000E+00
      0.0000000       0.0000000       0.0000000      -5.61342682E-05 -4.73327158E-04  0.00000000E+00
# Filename: ../data/vasprun_harmonic2.xml, Snapshot: 1, E_pot (eV): -504.90664636
      0.0000000       0.0188972       0.0000000      -0.00000000E+00 -2.48988459E-02  0.00000000E+00
      0.0000000       0.0000000       0.0000000      -1.15768862E-03  1.13196737E-03  0.00000000E+00
      0.0000000       0.0000000       0.0000000      -4.01333550E-05  1.26039278E-05  0.00000000E+00
      0.0000000       0.0000000       0.0000000      -8.53217384E-05  1.22317141E-05 -0.00000000E+00
      0.0000000       0.0000000       0.0000000      -1.35310590E-03  1.11289151E-03 -0.00000000E+00
      0.0000000       0.0000000       0.0000000       1.02830565E-04 -1.04978203E-03  0.00000000E+00
      0.0000000       0.0000000       0.0000000       1.15768862E-03  1.13196737E-03  0.00000000E+00
      0.0000000       0.0000000       0.0000000      -0.00000000E+00  1.94302970E-04 -0.00000000E+00
      0.0000000       0.0000000       0.0000000      -4.06957595E-05  6.37500650E-05  0.00000000E+00
      0.0000000       0.0000000       0.0000000      -7.62995415E-05  6.35030893E-05 -0.00000000E+00
      0.0000000       0.0000000       0.0000000       2.31678754E-05 -9.66915657E-05  0.00000000E+00
      0.0000000       0.0000000       0.0000000       7.57165233E-05  6.39915955E-05 -0.00000000E+00
      0.0000000       0.0000000       0.0000000       4.01333550E-05  1.26039278E-05  0.00000000E+00
      0.0000000       0.0000000       0.0000000       4.06957595E-05  6.37500650E-05  0.00000000E+00
      0.0000000       0.0000000       0.0000000      -0.00000000E+00 -6.61000289E-06 -0.00000000E+00
      0.0000000       0.0000000       0.0000000      -2.31678754E-05 -9.66915657E-05  0.00000000E+00
      0.0000000       0.0000000       0.0000000      -0.00000000E+00 -6.62050422E-06 -0.00000000E+00
      0.0000000       0.0000000       0.0000000       4.06292511E-05  6.37640667E-05 -0.00000000E+00
      0.0000000       0.0000000       0.0000000       8.53217384E-05  1.22317141E-05 -0.00000000E+00
      0.0000000       0.0000000       0.0000000       7.62995415E-05  6.35030893E-05 -0.00000000E+00
      0.0000000       0.0000000       0.0000000      -1.02830565E-04 -1.04978203E-03  0.00000000E+00
      0.0000000       0.0000000       0.0000000      -7.57165233E-05  6.39915955E-05 -0.00000000E+00
      0.0000000       0.0000000       0.0000000      -4.06292511E-05  6.37640667E-05 -0.00000000E+00
      0.0000000       0.0000000       0.0000000      -0.00000000E+00  1.93820298E-04 -0.00000000E+00
      0.0000000       0.0000000       0.0000000       1.35310590E-03  1.11289151E-03 -0.00000000E+00
      0.0000000       0.0000000       0.0000000      -2.83049425E-03  5.75980056E-03  0.00000000E+00
      0.0000000       0.0000000       0.0000000       1.86640890E-04  1.86240672E-04  0.00000000E+00
      0.0000000       0.0000000       0.0000000       9.05058943E-07  2.27540453E-05 -0.00000000E+00
      0.0000000       0.0000000       0.0000000      -9.75880680E-05 -3.07933179E-04 -0.00000000E+00
      0.0000000       0.0000000       0.0000000       0.00000000E+00  1.01283552E-02 -0.00000000E+00
      0.0000000       0.0000000       0.0000000       2.83049425E-03  5.75980056E-03  0.00000000E+00
      0.0000000       0.0000000       0.0000000      -0.00000000E+00 -3.21145795E-04 -0.00000000E+00
      0.0000000       0.0000000       0.0000000       4.85966479E-05 -7.29461172E-05 -0.00000000E+00
      0.0000000       0.0000000       0.0000000       7.42852311E-05 -2.86830176E-05 -0.00000000E+00
      0.0000000       0.0000000       0.0000000       4.72510777E-04  4.94489669E-04  0.00000000E+00
      0.0000000       0.0000000       0.0000000      -2.86116474E-04  1.46559652E-05 -0.00000000E+00
      0.0000000       0.0000000       0.0000000      -1.86640890E-04  1.86240672E-04  0.00000000E+00
      0.0000000       0.0000000       0.0000000      -4.85966479E-05 -7.29461172E-05 -0.00000000E+00
      0.0000000       0.0000000       0.0000000      -0.00000000E+00  1.45964577E-05 -0.00000000E+00
      0.0000000       0.0000000       0.0000000       2.59063885E-05  5.58472319E-05  0.00000000E+00
      0.0000000       0.0000000       0.0000000      -0.00000000E+00  2.40947149E-05  0.00000000E+00
      0.0000000       0.0000000       0.0000000      -4.46014758E-05 -8.35135652E-05 -0.00000000E+00
      0.0000000       0.0000000       0.0000000      -9.05058943E-07  2.27540453E-05 -0.00000000E+00
      0.0000000       0.0000000       0.0000000      -7.42852311E-05 -2.86830176E-05 -0.00000000E+00
      0.0000000       0.0000000       0.0000000      -2.59063885E-05  5.58472319E-05  0.00000000E+00
      0.0000000       0.0000000       0.0000000       2.86116474E-04  1.46559652E-05  0.00000000E+00
      0.0000000       0.0000000       0.0000000       4.46014758E-05 -8.35135652E-05 -0.00000000E+00
      0.0000000       0.0000000       0.0000000      -0.00000000E+00 -1.59830220E-04 -0.00000000E+00
      0.0000000       0.0000000       0.0000000       9.75880680E-05 -3.07933179E-04  0.00000000E+00
      0.0000000       0.0000000       0.0000000      -4.72510777E-04  4.94489669E-04  0.00000000E+00
# Filename: ../data/vasprun_harmonic3.xml, Snapshot: 1, E_pot (eV): -504.90659141
     -0.0000000      -0.0188972       0.0000000       0.00000000E+00  2.55494694E-02 -0.00000000E+00
      0.0000000       0.0000000       0.0000000       1.14146563E-03 -1.11797416E-03 -0.00000000E+00
      0.0000000       0.0000000       0.0000000       4.00415656E-05 -1.23001672E-05 -0.00000000E+00
      0.0000000       0.0000000       0.0000000       8.71684165E-05 -1.25222508E-05  0.00000000E+00
      0.0000000       0.0000000       0.0000000       1.36136189E-03 -1.12793175E-03  0.00000000E+00
      0.0000000       0.0000000       0.0000000      -1.13011408E-04  1.05556087E-03 -0.00000000E+00
      0.0000000       0.0000000       0.0000000      -1.14146563E-03 -1.11797416E-03  0.00000000E+00
      0.0000000       0.0000000       0.0000000       0.00000000E+00 -1.97972212E-04  0.00000000E+00
      0.0000000       0.0000000       0.0000000       4.14390202E-05 -6.48694288E-05 -0.00000000E+00
      0.0000000       0.0000000       0.0000000       7.63201552E-05 -6.44163159E-05  0.00000000E+00
      0.0000000       0.0000000       0.0000000      -2.29275117E-05  9.71085073E-05 -0.00000000E+00
      0.0000000       0.0000000       0.0000000      -7.70206327E-05 -6.37348964E-05  0.00000000E+00
      0.0000000       0.0000000       0.0000000      -4.00415656E-05 -1.23001672E-05 -0.00000000E+00
      0.0000000       0.0000000       0.0000000      -4.14390202E-05 -6.48694288E-05 -0.00000000E+00
      0.0000000       0.0000000       0.0000000       0.00000000E+00  6.99816311E-06 -0.00000000E+00
      0.0000000       0.0000000       0.0000000       2.29275117E-05  9.71085073E-05 -0.00000000E+00
      0.0000000       0.0000000       0.0000000       0.00000000E+00  7.01099807E-06 -0.00000000E+00
      0.0000000       0.0000000       0.0000000      -4.15257534E-05 -6.48550381E-05 -0.00000000E+00
      0.0000000       0.0000000       0.0000000      -8.71684165E-05 -1.25222508E-05  0.00000000E+00
      0.0000000       0.0000000       0.0000000      -7.63201552E-05 -6.44163159E-05  0.00000000E+00
      0.0000000       0.0000000       0.0000000       1.13011408E-04  1.05556087E-03 -0.00000000E+00
      0.0000000       0.0000000       0.0000000       7.70206327E-05 -6.37348964E-05 -0.00000000E+00
      0.0000000       0.0000000       0.0000000       4.15257534E-05 -6.48550381E-05 -0.00000000E+00
      0.0000000       0.0000000       0.0000000       0.00000000E+00 -1.98335480E-04 -0.00000000E+00
      0.0000000       0.0000000       0.0000000      -1.36136189E-03 -1.12793175E-03  0.00000000E+00
      0.0000000       0.0000000       0.0000000       2.66973641E-03 -5.71583266E-03  0.00000000E+00
      0.0000000       0.0000000       0.0000000      -1.88757491E-04 -1.83678348E-04 -0.00000000E+00
      0.0000000       0.0000000       0.0000000      -9.59121338E-07 -2.27307090E-05  0.00000000E+00
      0.0000000       0.0000000       0.0000000       9.87362133E-05  3.13936827E-04  0.00000000E+00
      0.0000000       0.0000000       0.0000000       0.00000000E+00 -1.08873869E-02 -0.00000000E+00
      0.0000000       0.0000000       0.0000000      -2.66973641E-03 -5.71583266E-03 -0.00000000E+00
      0.0000000       0.0000000       0.0000000      -0.00000000E+00  3.30947423E-04  0.00000000E+00
      0.0000000       0.0000000       0.0000000      -4.92730113E-05  7.43124568E-05  0.00000000E+00
      0.0000000       0.0000000       0.0000000      -7.53905932E-05  2.88043662E-05 -0.00000000E+00
      0.0000000       0.0000000       0.0000000      -4.79049215E-04 -5.00284068E-04 -0.00000000E+00
      0.0000000       0.0000000       0.0000000       2.86258825E-04 -1.41900174E-05  0.00000000E+00
      0.0000000       0.0000000       0.0000000       1.88757491E-04 -1.83678348E-04 -0.00000000E+00
      0.0000000       0.0000000       0.0000000       4.92730113E-05  7.43124568E-05  0.00000000E+00
      0.0000000       0.0000000       0.0000000       0.00000000E+00 -1.49091639E-05 -0.00000000E+00
      0.0000000       0.0000000       0.0000000      -2.59378925E-05 -5.61801629E-05 -0.00000000E+00
      0.0000000       0.0000000       0.0000000       0.00000000E+00 -2.46166698E-05  0.00000000E+00
      0.0000000       0.0000000       0.0000000       4.50759803E-05  8.44310702E-05 -0.00000000E+00
      0.0000000       0.0000000       0.0000000       9.59121338E-07 -2.27307090E-05  0.00000000E+00
      0.0000000       0.0000000       0.0000000       7.53905932E-05  2.88043662E-05 -0.00000000E+00
      0.0000000       0.0000000       0.0000000       2.59378925E-05 -5.61801629E-05 -0.00000000E+00
      0.0000000       0.0000000       0.0000000      -2.86258825E-04 -1.41900174E-05 -0.00000000E+00
      0.0000000       0.0000000       0.0000000      -4.50759803E-05  8.44310702E-05 -0.00000000E+00
      0.0000000       0.0000000       0.0000000       0.00000000E+00  1.63487016E-04 -0.00000000E+00
      0.0000000       0.0000000       0.0000000      -9.87362133E-05  3.13936827E-04  0.00000000E+00
      0.0000000       0.0000000       0.0000000       4.79049215E-04 -5.00284068E-04 -0.00000000E+00
# Filename: ../data/vasprun_harmonic4.xml, Snapshot: 1, E_pot (eV): -504.9091178
      0.0000000       0.0000000       0.0188974       0.00000000E+00 -0.00000000E+00 -5.78462297E-03
      0.0000000       0.0000000       0.0000000      -1.37100678E-06 -2.60588522E-08 -2.05239131E-04
      0.0000000       0.0000000       0.0000000      -1.16681428E-07  9.80123995E-08 -3.54828222E-06
      0.0000000       0.0000000       0.0000000       2.64477903E-08 -1.50130104E-07 -3.54828222E-06
      0.0000000       0.0000000       0.0000000      -7.07867329E-07 -1.17420410E-06 -2.05239131E-04
      0.0000000       0.0000000       0.0000000       6.63139449E-07  1.20026296E-06 -2.05239131E-04
      0.0000000       0.0000000       0.0000000       1.37100678E-06 -2.60588522E-08 -2.05239131E-04
      0.0000000       0.0000000       0.0000000       0.00000000E+00 -6.37858473E-07  2.85293870E-05
      0.0000000       0.0000000       0.0000000      -1.63742937E-07 -9.45119566E-08 -4.47123232E-06
      0.0000000       0.0000000       0.0000000      -5.52681030E-07  3.18929236E-07  2.85293870E-05
      0.0000000       0.0000000       0.0000000       1.43129218E-07  5.21177045E-08 -3.54828222E-06
      0.0000000       0.0000000       0.0000000       1.92913294E-07  1.11236295E-07  2.85297759E-05
      0.0000000       0.0000000       0.0000000       1.16681428E-07  9.80123995E-08 -3.54828222E-06
      0.0000000       0.0000000       0.0000000       1.63742937E-07 -9.45119566E-08 -4.47123232E-06
      0.0000000       0.0000000       0.0000000       0.00000000E+00  1.89023913E-07 -4.47123232E-06
      0.0000000       0.0000000       0.0000000      -1.43129218E-07  5.21177045E-08 -3.54828222E-06
      0.0000000       0.0000000       0.0000000       0.00000000E+00  4.78393855E-08 -4.47006550E-06
      0.0000000       0.0000000       0.0000000       4.12274379E-08 -2.37252237E-08 -4.47006550E-06
      0.0000000       0.0000000       0.0000000      -2.64477903E-08 -1.50130104E-07 -3.54828222E-06
      0.0000000       0.0000000       0.0000000       5.52681030E-07  3.18929236E-07  2.85293870E-05
      0.0000000       0.0000000       0.0000000      -6.63139449E-07  1.20026296E-06 -2.05239131E-04
      0.0000000       0.0000000       0.0000000      -1.92913294E-07  1.11236295E-07  2.85297759E-05
      0.0000000       0.0000000       0.0000000      -4.12274379E-08 -2.37252237E-08 -4.47006550E-06
      0.0000000       0.0000000       0.0000000       0.00000000E+00 -2.22861527E-07  2.85297759E-05
      0.0000000       0.0000000       0.0000000       7.07867329E-07 -1.17420410E-06 -2.05239131E-04
      0.0000000       0.0000000       0.0000000       2.34366316E-05 -1.35311563E-05  2.49289560E-03
      0.0000000       0.0000000       0.0000000      -1.23293376E-07  2.20527899E-07 -1.92879846E-04
      0.0000000       0.0000000       0.0000000       3.46154903E-08  2.02247808E-08  2.04180831E-05
      0.0000000       0.0000000       0.0000000       1.29127447E-07 -2.17027456E-07 -1.92879846E-04
      0.0000000       0.0000000       0.0000000      -0.00000000E+00  2.70619236E-05  2.49289560E-03
      0.0000000       0.0000000       0.0000000      -2.34366316E-05 -1.35311563E-05  2.49289560E-03
      0.0000000       0.0000000       0.0000000       0.00000000E+00  6.75585468E-07  1.60562201E-04
      0.0000000       0.0000000       0.0000000      -3.14650917E-07  2.13915951E-08 -5.03985981E-06
      0.0000000       0.0000000       0.0000000      -1.38850899E-07 -2.83146932E-07 -5.03985981E-06
      0.0000000       0.0000000       0.0000000       5.84962892E-07 -3.37987203E-07  1.60562201E-04
      0.0000000       0.0000000       0.0000000       2.52809761E-07 -3.50044284E-09 -1.92879846E-04
      0.0000000       0.0000000       0.0000000       1.23293376E-07  2.20527899E-07 -1.92879846E-04
      0.0000000       0.0000000       0.0000000       3.14650917E-07  2.13915951E-08 -5.03985981E-06
      0.0000000       0.0000000       0.0000000       0.00000000E+00 -0.00000000E+00  3.81276013E-06
      0.0000000       0.0000000       0.0000000       1.75800018E-07  2.61755337E-07 -5.03985981E-06
      0.0000000       0.0000000       0.0000000       0.00000000E+00 -4.00606236E-08  2.04180831E-05
      0.0000000       0.0000000       0.0000000      -1.43129218E-07 -8.24548757E-08  1.83578780E-05
      0.0000000       0.0000000       0.0000000      -3.46154903E-08  2.02247808E-08  2.04180831E-05
      0.0000000       0.0000000       0.0000000       1.38850899E-07 -2.83146932E-07 -5.03985981E-06
      0.0000000       0.0000000       0.0000000      -1.75800018E-07  2.61755337E-07 -5.03985981E-06
      0.0000000       0.0000000       0.0000000      -2.52809761E-07 -3.50044284E-09 -1.92879846E-04
      0.0000000       0.0000000       0.0000000       1.43129218E-07 -8.24548757E-08  1.83578780E-05
      0.0000000       0.0000000       0.0000000       0.00000000E+00  1.65298690E-07  1.83578780E-05
      0.0000000       0.0000000       0.0000000      -1.29127447E-07 -2.17027456E-07 -1.92879846E-04
      0.0000000       0.0000000       0.0000000      -5.84962892E-07 -3.37987203E-07  1.60562201E-04
