&general
 PREFIX = graphene_anharm
 MODE = optimize
 NAT = 50
 NKD = 1; KD = C 
 TOLERANCE = 1.0e-3
/

&optimize
 FC2XML = super551.xml
 DFSET = DFSET_random
 LMODEL = enet
 NDATA = 20
 CV = 0
 L1_ALPHA = 8.7704e-07
/

&interaction
 NORDER = 3
 NBODY = 2 3 3
/

&cutoff
 *-* None 8.1 8.1
/

&cell
    1.88972612545783
    12.2325000000000     0.0000000000000     0.0000000000000
    -6.1162500000000    10.5936557517932     0.0000000000000
     0.0000000000000     0.0000000000000    15.0000000000000
/

&position
   1     0.13333333333333     0.06666666666667     0.00000000000000
   1     0.13333333333333     0.26666666666667     0.00000000000000
   1     0.13333333333333     0.46666666666667     0.00000000000000
   1     0.13333333333333     0.66666666666667     0.00000000000000
   1     0.13333333333333     0.86666666666667     0.00000000000000
   1     0.33333333333333     0.06666666666667     0.00000000000000
   1     0.33333333333333     0.26666666666667     0.00000000000000
   1     0.33333333333333     0.46666666666667     0.00000000000000
   1     0.33333333333333     0.66666666666667     0.00000000000000
   1     0.33333333333333     0.86666666666667     0.00000000000000
   1     0.53333333333333     0.06666666666667     0.00000000000000
   1     0.53333333333333     0.26666666666667     0.00000000000000
   1     0.53333333333333     0.46666666666667     0.00000000000000
   1     0.53333333333333     0.66666666666667     0.00000000000000
   1     0.53333333333333     0.86666666666667     0.00000000000000
   1     0.73333333333333     0.06666666666667     0.00000000000000
   1     0.73333333333333     0.26666666666667     0.00000000000000
   1     0.73333333333333     0.46666666666667     0.00000000000000
   1     0.73333333333333     0.66666666666667     0.00000000000000
   1     0.73333333333333     0.86666666666667     0.00000000000000
   1     0.93333333333333     0.06666666666667     0.00000000000000
   1     0.93333333333333     0.26666666666667     0.00000000000000
   1     0.93333333333333     0.46666666666667     0.00000000000000
   1     0.93333333333333     0.66666666666667     0.00000000000000
   1     0.93333333333333     0.86666666666667     0.00000000000000
   1     0.06666666666667     0.13333333333333     0.00000000000000
   1     0.06666666666667     0.33333333333333     0.00000000000000
   1     0.06666666666667     0.53333333333333     0.00000000000000
   1     0.06666666666667     0.73333333333333     0.00000000000000
   1     0.06666666666667     0.93333333333333     0.00000000000000
   1     0.26666666666667     0.13333333333333     0.00000000000000
   1     0.26666666666667     0.33333333333333     0.00000000000000
   1     0.26666666666667     0.53333333333333     0.00000000000000
   1     0.26666666666667     0.73333333333333     0.00000000000000
   1     0.26666666666667     0.93333333333333     0.00000000000000
   1     0.46666666666667     0.13333333333333     0.00000000000000
   1     0.46666666666667     0.33333333333333     0.00000000000000
   1     0.46666666666667     0.53333333333333     0.00000000000000
   1     0.46666666666667     0.73333333333333     0.00000000000000
   1     0.46666666666667     0.93333333333333     0.00000000000000
   1     0.66666666666667     0.13333333333333     0.00000000000000
   1     0.66666666666667     0.33333333333333     0.00000000000000
   1     0.66666666666667     0.53333333333333     0.00000000000000
   1     0.66666666666667     0.73333333333333     0.00000000000000
   1     0.66666666666667     0.93333333333333     0.00000000000000
   1     0.86666666666667     0.13333333333333     0.00000000000000
   1     0.86666666666667     0.33333333333333     0.00000000000000
   1     0.86666666666667     0.53333333333333     0.00000000000000
   1     0.86666666666667     0.73333333333333     0.00000000000000
   1     0.86666666666667     0.93333333333333     0.00000000000000
/

