5.2224371373307505  1.4206128133704752
6.38297872340425  2.2562674094707518
7.543520309477749  3.426183844011149
8.12379110251451  5.097493036211709
9.284332688588002  7.0194986072423475
10.444874274661508  9.777158774373266
11.605415860735  12.785515320334266
12.765957446808521  15.877437325905298
13.346228239845253  19.55431754874652
14.50676982591876  23.398328690807805
15.667311411992252  27.158774373259057
16.247582205029012  30.000000000000007
17.40812379110252  32.423398328690816
18.56866537717601  34.1782729805014
19.729206963249503  35.6824512534819
20.309477756286263  36.35097493036212
21.47001934235977  36.76880222841226
23.791102514506782  36.51810584958218
25.53191489361702  35.34818941504179
28.433268858800766  33.091922005571035
31.914893617021285  30.752089136490255
34.81624758220503  28.830083565459617
39.74854932301741  26.239554317548752
45.261121856866545  24.442896935933156
49.90328820116054  23.231197771587752
56.28626692456479  22.228412256267415
60.92843326885879  21.72701949860725
66.15087040618954  21.30919220055711
74.8549323017408  20.80779944289694
82.3984526112186  20.640668523676883
90.5222437137331  20.306406685236773
92.26305609284333  20.306406685236773
95.1644100580271  20.22284122562675
98.6460348162476  20.13927576601672
102.12765957446808  20.13927576601672
105.60928433268859  20.22284122562675
108.51063829787236  20.22284122562675
112.57253384912963  20.13927576601672
114.31334622823985  20.13927576601672
116.63442940038686  20.05571030640669
120.69632495164413  19.888579387186635
125.91876208897489  19.72144846796658
136.94390715667313  19.136490250696383
145.6479690522244  18.63509749303622
156.0928433268859  18.05013927576602
165.95744680851064  17.465181058495826
176.40232108317218  16.96378830083566
186.26692456479694  16.378830083565465
196.13152804642166  15.877437325905298
206.57640232108315  15.376044568245131
221.66344294003875  14.623955431754883
236.75048355899423  13.871866295264628
251.83752417794972  13.286908077994436
261.7021276595745  12.869080779944294
269.82591876208903  12.618384401114213
276.78916827853004  12.367688022284128
284.9129593810445  12.033426183844018
291.8762088974855  11.866295264623961
297.0986460348163  11.615598885793876
306.963249516441  11.281337047353766
317.4081237911025  10.947075208913656
324.37137330754354  10.7799442896936
330.1740812379111  10.612813370473543
337.1373307543521  10.445682451253486
344.6808510638298  10.194986072423404
352.8046421663443  10.027855153203348
357.44680851063833  9.860724233983294
363.8297872340426  9.693593314763238
367.89168278529985  9.61002785515321
372.5338491295938  9.52646239554318
